  -3.2050280e-01
  -3.7070978e-01
  -3.9302400e-01
  -2.5216551e-01
  -4.4602026e-01
  -3.5676340e-01
  -3.0934569e-01
  -2.9121539e-01
  -3.5676340e-01
  -3.5676340e-01
  -3.1771352e-01
  -3.1980548e-01
  -2.5356015e-01
  -4.3207388e-01
  -3.4281701e-01
  -2.7029581e-01
  -3.6513123e-01
  -3.2887063e-01
  -2.8284756e-01
  -2.6750653e-01
  -3.2329207e-01
  -3.8744545e-01
  -2.6611190e-01
  -3.4281701e-01
  -2.9818858e-01
  -3.0795105e-01
  -3.9860255e-01
  -4.6275593e-01
  -3.0376714e-01
  -1.8661750e-01
  -4.0278647e-01
  -3.6513123e-01
  -3.4839557e-01
  -3.7070978e-01
  -2.6471726e-01
  -2.1451027e-01
  -4.3207388e-01
  -4.0278647e-01
  -2.7029581e-01
  -2.8703147e-01
  -2.5356015e-01
  -3.1213497e-01
  -2.2566738e-01
  -3.1352960e-01
  -3.1492424e-01
  -3.0516177e-01
  -2.1451027e-01
  -2.8424220e-01
  -2.5356015e-01
  -3.6513123e-01
  -3.7628834e-01
  -3.6513123e-01
  -3.2050280e-01
  -2.7029581e-01
  -2.3682449e-01
  -3.2329207e-01
  -3.3933042e-01
  -2.5356015e-01
  -2.2566738e-01
  -2.8703147e-01
  -2.2706202e-01
  -3.3444918e-01
  -3.8674813e-01
  -2.2287810e-01
  -3.4839557e-01
  -3.3723846e-01
  -3.2329207e-01
  -3.7070978e-01
  -2.8703147e-01
  -4.2579800e-01
  -2.9818858e-01
  -3.3723846e-01
  -2.8145292e-01
  -3.2747599e-01
  -3.3096259e-01
  -3.3863310e-01
  -2.8982075e-01
  -3.3305454e-01
  -2.5356015e-01
  -3.2050280e-01
  -3.1980548e-01
  -3.3654114e-01
  -3.0376714e-01
  -1.9777461e-01
  -2.0893172e-01
  -2.6053334e-01
  -3.3444918e-01
  -2.2845666e-01
  -3.5955268e-01
  -3.2050280e-01
  -3.6513123e-01
  -3.7768298e-01
  -2.5356015e-01
  -3.6513123e-01
  -3.1701620e-01
  -2.5356015e-01
  -2.5913870e-01
  -1.6988184e-01
  -2.5913870e-01
  -2.7587437e-01
  -2.5356015e-01
  -2.9818858e-01
  -1.6430328e-01
  -2.5913870e-01
  -2.8703147e-01
  -1.9219605e-01
  -2.0335316e-01
  -2.6471726e-01
  -2.8703147e-01
  -2.2008882e-01
  -2.5913870e-01
  -3.2608135e-01
  -3.0934569e-01
  -2.3124593e-01
  -2.9818858e-01
  -2.5356015e-01
  -2.5356015e-01
  -3.4839557e-01
  -2.6471726e-01
  -2.8005828e-01
  -2.7169045e-01
  -3.2329207e-01
  -3.4839557e-01
  -3.2050280e-01
  -3.5815804e-01
  -2.9818858e-01
  -2.7587437e-01
  -3.0097786e-01
  -2.5356015e-01
  -2.6750653e-01
  -2.7587437e-01
  -1.7546039e-01
  -3.0376714e-01
  -2.5356015e-01
  -2.2845666e-01
  -2.4798160e-01
  -3.5397412e-01
  -2.9121539e-01
  -3.6164463e-01
  -3.7907761e-01
  -2.6192798e-01
  -3.4560629e-01
  -2.9818858e-01
  -3.9023472e-01
  -2.6471726e-01
  -2.8703147e-01
  -3.0655641e-01
  -2.5913870e-01
  -2.9400467e-01
  -3.4979021e-01
  -2.3682449e-01
  -3.1213497e-01
  -3.7070978e-01
  -2.9818858e-01
  -2.5356015e-01
  -2.7866364e-01
  -3.4281701e-01
  -3.3723846e-01
  -3.7628834e-01
  -3.4281701e-01
  -2.9818858e-01
  -3.2887063e-01
  -2.0335316e-01
  -2.5356015e-01
  -2.6471726e-01
  -2.9818858e-01
  -3.1352960e-01
  -3.7280174e-01
  -2.9818858e-01
  -2.5634943e-01
  -3.1492424e-01
  -3.3165991e-01
  -2.5913870e-01
  -2.3124593e-01
  -2.4658696e-01
  -2.7587437e-01
  -3.3444918e-01
  -3.2329207e-01
  -3.0097786e-01
  -2.6471726e-01
  -2.8703147e-01
  -2.7866364e-01
  -3.1352960e-01
  -2.6471726e-01
  -2.4798160e-01
  -2.3682449e-01
  -1.9568265e-01
  -2.6750653e-01
  -2.3124593e-01
  -2.9818858e-01
  -2.2706202e-01
  -2.2008882e-01
  -3.2608135e-01
  -2.1451027e-01
  -2.0335316e-01
  -2.0335316e-01
  -2.2706202e-01
  -2.3961376e-01
  -2.9818858e-01
  -2.5356015e-01
  -1.6988184e-01
  -3.0934569e-01
  -1.5035690e-01
  -1.7546039e-01
  -2.4937623e-01
  -2.3682449e-01
  -2.5356015e-01
  -2.0893172e-01
  -2.2566738e-01
  -3.0376714e-01
  -2.7866364e-01
  -2.8493952e-01
  -2.3682449e-01
  -2.4519232e-01
  -1.8661750e-01
  -2.0823440e-01
  -2.5356015e-01
  -2.2706202e-01
  -2.7866364e-01
  -3.3584382e-01
  -1.8103895e-01
  -2.5356015e-01
  -2.1451027e-01
  -2.7587437e-01
  -2.6471726e-01
  -2.3124593e-01
  -2.4240304e-01
  -1.8661750e-01
  -3.3305454e-01
  -2.1172099e-01
  -2.9818858e-01
  -2.2566738e-01
  -3.3165991e-01
  -1.0066649e+00
  -2.2566738e-01
  -6.4963749e-01
  -9.9271856e-01
  -1.0178221e+00
  -6.7055706e-01
  -2.9818858e-01
  -1.6988184e-01
  -3.3863310e-01
  -3.6792051e-01
  -3.9023472e-01
  -5.2063342e-01
  -5.8827339e-01
  -4.7670231e-01
  -4.6554520e-01
  -3.8744545e-01
  -6.4963749e-01
  -6.1058761e-01
  -6.6079459e-01
  -6.5521604e-01
  -7.7933887e-01
  -1.0122435e+00
  -1.1907572e+00
  -1.0345577e+00
  -1.2409642e+00
  -1.8113714e+00
   4.2144489e-01
  -2.2116326e+00
  -3.8674813e-01
  -4.5438809e-01
  -2.5356015e-01
  -2.7169045e-01
  -2.7029581e-01
  -1.6360597e-01
   1.1421168e-02
  -2.4839434e-02
  -2.2008882e-01
  -1.7546039e-01
  -2.7029581e-01
  -4.0278647e-01
  -2.8703147e-01
  -2.2566738e-01
  -1.8661750e-01
  -1.1270166e-01
   6.2325473e-02
   5.5114627e-01
   8.9283270e-01
   1.6215313e+00
   1.6264126e+00
  -5.2830394e-01
  -9.9271856e-01
   1.9272417e-01
   7.6592060e-01
   6.5086292e-01
   3.6565935e-01
   4.3260200e-01
   8.3425789e-01
   1.1745497e+00
   1.1522355e+00
   9.6326195e-01
   6.6969054e-01
   5.7206585e-01
   3.3735384e-02
   2.8198104e-01
  -4.4462562e-01
  -4.1533822e-01
  -1.0080596e+00
  -1.1963358e+00
  -1.5979917e+00
  -1.7709268e+00
  -1.3246425e+00
  -9.2856519e-01
  -6.2313935e-01
  -2.2706202e-01
  -6.3983374e+00
   5.9438006e-01
  -1.7824967e-01
  -2.0893172e-01
   8.6731647e-02
  -4.3765243e-01
  -6.4963749e-01
  -9.0625097e-01
  -8.4488688e-01
  -7.1658013e-01
  -6.9984447e-01
  -3.1492424e-01
   1.7697041e-02
   1.4210445e-02
  -5.8310758e-02
  -1.8661750e-01
  -1.8661750e-01
   1.5018770e-01
   5.5533019e-01
   1.2191781e+00
   1.5636538e+00
   1.4311632e+00
   4.4375911e-01
  -1.0345577e+00
  -5.0598972e-01
   6.1669428e-01
   1.0267180e+00
   1.1271320e+00
   9.4025041e-01
   6.6690127e-01
   4.4933766e-01
   4.6049477e-01
   6.1669428e-01
   8.2100882e-01
   6.6202003e-01
   3.0499257e-01
  -7.2494796e-01
  -4.7112376e-01
  -1.1461288e+00
  -9.0067242e-01
  -1.1070789e+00
  -1.1293931e+00
  -1.0268872e+00
  -8.2257266e-01
  -6.2732327e-01
  -3.7768298e-01
  -8.3313064e+00
  -1.5617311e+00
  -4.6275593e-01
  -2.6471726e-01
  -4.6972912e-01
  -4.7670231e-01
  -9.2995983e-01
  -7.5284074e-01
  -8.5604398e-01
  -4.3765243e-01
  -3.3654114e-01
   1.9788999e-02
  -3.5996542e-02
  -2.5634943e-01
  -4.7670231e-01
  -1.1967485e-01
   5.3260323e-02
   4.6607332e-01
   6.5574416e-01
   1.4785809e+00
   1.8077156e+00
   1.4555693e+00
  -1.3682326e-02
  -8.3372977e-01
  -7.5046420e-02
   4.9117681e-01
   8.5936138e-01
   1.2861208e+00
   9.5698608e-01
   7.5057958e-01
   4.9117681e-01
   6.6829590e-01
   5.5811946e-01
   5.1209639e-01
   7.2826536e-01
   5.0512320e-01
  -1.5872473e-01
  -2.5913870e-01
  -7.5284074e-01
  -8.9788314e-01
  -1.3818227e+00
  -1.2158607e+00
  -1.1154467e+00
  -6.0989029e-01
  -1.0024810e+00
  -6.0221978e-01
  -7.8910134e-01
  -9.3972230e-01
  -4.5825181e+00
   8.0078656e-01
  -8.3372977e-01
  -5.6316990e-01
  -5.4225032e-01
  -9.3414374e-01
  -9.6900970e-01
  -6.4126965e-01
  -4.3486316e-01
  -3.1492424e-01
  -1.3083196e-01
  -2.5356015e-01
  -2.4798160e-01
  -2.8703147e-01
  -3.8785819e-02
   6.7206708e-02
   3.5450224e-01
   4.2074757e-01
   8.1752223e-01
   1.6821981e+00
   2.0224899e+00
   1.7693630e+00
  -2.5356015e-01
  -9.4530085e-01
  -1.7685503e-01
   3.3846390e-01
   4.9954465e-01
   9.6116999e-01
   1.1173695e+00
   1.0964499e+00
   1.0044038e+00
   9.6256463e-01
   8.0357584e-01
   8.0636512e-01
   2.3735261e-01
  -1.9219605e-01
  -6.1616616e-01
  -6.6079459e-01
  -7.1379086e-01
  -1.1461288e+00
  -1.2758302e+00
  -1.3190640e+00
  -1.4696849e+00
  -7.0542303e-01
  -8.0025844e-01
  -7.2215869e-01
  -1.3636924e+00
  -5.2412002e-01
  -6.1058761e-01
  -6.3848038e-01
  -7.8910134e-01
  -6.6079459e-01
  -4.7670231e-01
  -4.8785942e-01
  -3.8186689e-01
   4.0708576e-02
   6.4417431e-02
  -2.9818858e-01
  -4.8228086e-01
  -4.7670231e-01
  -3.2608135e-01
  -3.4281701e-01
  -2.2050157e-02
   8.1153093e-02
   4.6049477e-01
   9.7372174e-01
   1.3753776e+00
   1.9388116e+00
   3.2163005e+00
   2.6942929e-01
  -6.1058761e-01
   6.9995985e-02
   3.2382019e-01
   4.8001971e-01
   9.7372174e-01
   1.2359138e+00
   1.1745497e+00
   1.0183502e+00
   7.7289379e-01
   4.1028778e-01
   8.9520924e-02
  -4.5438809e-01
  -6.7753026e-01
  -1.3710783e-01
   4.4892492e-02
  -2.9958322e-01
  -1.1796001e+00
  -1.0178221e+00
  -1.2800141e+00
  -1.2353857e+00
  -1.0066649e+00
  -9.0625097e-01
  -9.8992928e-01
  -4.9343797e-01
   4.4892492e-02
  -6.9984447e-01
  -6.8589809e-01
  -6.3429646e-01
  -4.8228086e-01
  -3.2817331e-01
  -9.7360636e-02
  -1.6360597e-01
  -2.4519232e-01
  -3.3444918e-01
  -2.0893172e-01
  -3.2608135e-01
  -1.8382822e-01
  -1.7824967e-01
  -3.0417988e-02
   2.6064872e-02
  -1.2246413e-01
   3.7751378e-01
   9.9603595e-01
   1.4200061e+00
   1.5204200e+00
  -6.2174472e-01
  -4.4880954e-01
   2.8198104e-01
   4.1586633e-01
   5.8740687e-01
   7.1710825e-01
   8.5657210e-01
   1.0406644e+00
   7.7289379e-01
   6.8363693e-01
   5.5951410e-01
   5.1906958e-01
   4.9954465e-01
   5.3260323e-02
  -3.8744545e-01
  -6.4405893e-01
  -7.5981393e-01
  -9.7319362e-01
  -8.5046543e-01
  -8.3930832e-01
  -8.4488688e-01
  -1.1809948e+00
  -1.0178221e+00
  -9.1182952e-01
  -7.5005146e-01
  -8.2257266e-01
   5.6090874e-01
  -4.9901653e-01
  -4.5717737e-01
  -6.2174472e-01
  -5.9385195e-01
  -3.5397412e-01
  -2.2566738e-01
  -2.3124593e-01
  -2.5913870e-01
  -3.0376714e-01
   3.2340745e-02
  -3.4979021e-01
  -2.4798160e-01
  -2.1172099e-01
  -2.1451027e-01
  -2.2008882e-01
  -1.4477835e-01
   1.8714562e-01
   4.8838754e-01
   8.6772921e-01
   1.0664652e+00
   1.5315771e+00
   1.4590559e+00
  -1.3246425e+00
  -6.0500905e-01
   4.5770549e-01
   5.9438006e-01
   8.3425789e-01
   1.0322966e+00
   1.1940746e+00
   1.3140135e+00
   1.0741357e+00
   8.7609704e-01
   7.6731524e-01
   4.2702344e-01
  -5.2732204e-02
  -5.1296291e-01
  -3.0725373e-01
  -3.5397412e-01
  -6.7055706e-01
  -9.0904025e-01
  -9.3135446e-01
  -1.1907572e+00
  -9.3414374e-01
  -1.1126575e+00
  -9.8644269e-01
  -3.2743472e+00
   1.7040996e-01
  -6.6079459e-01
  -1.6430328e-01
  -3.3444918e-01
  -7.5563001e-01
  -6.1058761e-01
  -3.4281701e-01
  -1.8940678e-01
  -1.2246413e-01
  -5.2732204e-02
  -5.2732204e-02
   1.9272417e-01
  -1.7546039e-01
  -6.8770547e-02
  -2.5356015e-01
  -2.4170572e-01
  -1.3641051e-01
   1.7877779e-01
   3.0429525e-01
   3.2660947e-01
   7.5755277e-01
   1.2387031e+00
   1.8969724e+00
  -1.6105434e+00
  -8.6720109e-01
   2.3735261e-01
   6.2785139e-01
   1.0553081e+00
   1.3195921e+00
   1.4311632e+00
   1.4423203e+00
   1.2805422e+00
   1.0992392e+00
   1.2638065e+00
   8.8725415e-01
   2.7640248e-01
  -3.4839557e-01
  -6.5521604e-01
  -5.8687875e-01
  -1.1628645e+00
  -1.2158607e+00
  -1.2493320e+00
  -1.2702516e+00
  -1.3246425e+00
  -1.0345577e+00
  -8.3930832e-01
  -9.0346169e-01
  -1.0010864e+00
  -8.0624974e-02
  -4.3207388e-01
  -3.9302400e-01
  -3.5955268e-01
  -2.2008882e-01
  -3.9023472e-01
  -7.8352278e-01
  -1.0122435e+00
  -9.4530085e-01
  -6.9984447e-01
  -6.1616616e-01
  -3.8256421e-01
  -3.5397412e-01
  -9.7360636e-02
   8.1153093e-02
   4.0470923e-01
   8.6772921e-01
   1.5901520e+00
   2.1849653e+00
   3.2163005e+00
   1.5706270e+00
  -1.0596612e+00
  -5.5201279e-01
   4.2353685e-01
   6.8433425e-01
   1.1368944e+00
   1.2135996e+00
   8.5378283e-01
   6.8363693e-01
   4.6607332e-01
   6.3900850e-01
   4.9396609e-01
   5.6509266e-01
   4.3818055e-01
  -2.4519232e-01
  -1.7546039e-01
  -8.0025844e-01
  -1.5477847e+00
  -1.1015004e+00
  -1.1182360e+00
  -1.3357996e+00
  -8.5883326e-01
  -7.8561474e-01
  -1.1070789e+00
   2.3735261e-01
   2.8198104e-01
  -3.9302400e-01
  -4.4323099e-01
  -5.4922351e-01
  -5.0459508e-01
  -2.3961376e-01
  -3.7907761e-01
  -3.2189744e-01
  -3.6513123e-01
  -4.3207388e-01
  -4.9064870e-01
  -4.0975966e-01
  -3.0934569e-01
  -2.5356015e-01
   1.1322978e-01
   4.5770549e-01
   6.3900850e-01
   9.6465659e-01
   1.1522355e+00
   1.7770335e+00
   2.9596870e+00
  -1.2130714e+00
  -1.0851774e-01
   7.2826536e-01
   8.9562198e-01
   9.6814318e-01
   1.1745497e+00
   1.2024425e+00
   1.1522355e+00
   1.0225341e+00
   9.7372174e-01
   8.2867933e-01
   2.5966682e-01
  -1.0014991e-01
  -3.0376714e-01
  -4.4323099e-01
  -9.9132392e-01
  -1.0296765e+00
  -1.1203280e+00
  -1.2270178e+00
  -1.2235312e+00
  -1.2318991e+00
  -1.0568719e+00
  -5.4922351e-01
  -2.3124593e-01
  -6.7753026e-01
  -5.6526186e-01
  -4.5438809e-01
  -4.5996665e-01
  -4.4323099e-01
  -3.5118484e-01
  -3.7907761e-01
  -2.6750653e-01
  -2.9818858e-01
  -4.1254894e-01
  -5.8687875e-01
  -6.3290182e-01
  -6.7753026e-01
  -2.4798160e-01
  -1.8563560e-02
   1.7040996e-01
   3.0499257e-01
   9.0120054e-01
   1.5315771e+00
   1.9848347e+00
  -7.2215869e-01
  -8.1420483e-01
  -1.5244886e-01
   4.6049477e-01
   8.3146861e-01
   1.1117910e+00
   1.2777529e+00
   1.4367417e+00
   1.2777529e+00
   9.9045740e-01
   8.1752223e-01
   4.9954465e-01
  -2.5252175e-03
  -8.1699411e-01
  -6.6358387e-01
  -7.4726218e-01
  -8.9788314e-01
  -1.0533853e+00
  -9.5087940e-01
  -1.0980138e+00
   2.7142306e+00
  -6.0500905e-01
  -2.9818858e-01
  -3.6513123e-01
  -4.5438809e-01
  -6.1058761e-01
  -5.1435755e-01
  -5.2133074e-01
  -2.9818858e-01
  -4.3486316e-01
  -3.9302400e-01
  -3.6931515e-01
  -3.3444918e-01
  -3.0376714e-01
  -2.5356015e-01
  -1.8661750e-01
   7.5574539e-02
   1.5646357e-01
   7.0595114e-01
   1.3419063e+00
   1.7937692e+00
   1.7840067e+00
   6.6132271e-01
  -1.2353857e+00
  -1.2525341e-01
   2.5408827e-01
   3.9355212e-01
   5.2743742e-01
   9.4025041e-01
   1.2749637e+00
   1.4423203e+00
   1.3195921e+00
   1.0030091e+00
   9.6814318e-01
   7.4779030e-01
  -2.4170572e-01
  -4.2649532e-01
  -1.0680290e+00
  -7.5702465e-01
  -8.5883326e-01
  -6.8659541e-01
  -7.9467989e-01
  -1.4138994e+00
  -1.5589418e+00
  -1.1907572e+00
  -2.1586364e+00
   2.8198104e-01
  -4.8228086e-01
  -2.5634943e-01
  -4.4323099e-01
  -3.0376714e-01
  -4.1882481e-01
  -4.9343797e-01
  -3.9302400e-01
  -3.4281701e-01
  -2.5356015e-01
  -1.7546039e-01
  -2.3403521e-01
  -2.0893172e-01
  -2.4839434e-02
   1.5367430e-01
   3.4892369e-01
   5.2464814e-01
   8.4123108e-01
   1.2303352e+00
   1.6487268e+00
  -1.5593545e-01
  -1.1349717e+00
   4.9773727e-02
   4.8280898e-01
   6.5016560e-01
   7.9520801e-01
   1.2135996e+00
   1.2414923e+00
   1.0267180e+00
   6.8433425e-01
   4.2214221e-01
   2.9034887e-01
   3.0533365e-03
  -1.3222660e-01
  -2.8982075e-01
  -1.3682326e-02
  -7.5046420e-02
  -5.4364496e-01
  -8.7766088e-01
  -7.8910134e-01
  -1.1489181e+00
  -1.7632563e+00
  -1.4641064e+00
  -9.6622043e-01
  -4.3207388e-01
   8.2310078e-01
  -3.0655641e-01
  -3.7907761e-01
  -4.0139183e-01
  -5.4364496e-01
  -4.5996665e-01
  -3.9999719e-01
  -4.5438809e-01
  -3.4839557e-01
  -6.4684821e-01
  -7.7585227e-01
  -4.7251839e-01
  -2.0893172e-01
  -3.0417988e-02
   4.1935293e-01
   7.8265626e-01
   1.2944886e+00
   1.6375697e+00
   1.7170641e+00
  -1.4376082e+00
  -6.0989029e-01
   4.1447170e-01
   5.8601223e-01
   6.7247982e-01
   9.9045740e-01
   1.0071931e+00
   1.1083044e+00
   8.0636512e-01
   4.6607332e-01
   3.2730679e-01
   3.5241028e-01
   2.4572044e-01
  -3.1213497e-01
  -3.9581328e-01
  -2.7238777e-01
  -5.7153773e-01
  -6.5800532e-01
  -9.2228931e-01
  -8.8951531e-01
  -1.2911712e+00
  -1.6481987e+00
  -1.5422061e+00
  -1.2535160e+00
  -6.5800532e-01
   5.1628031e-01
   1.8662904e+00
  -3.9860255e-01
  -4.6833448e-01
  -4.0418111e-01
  -5.1714683e-01
  -5.7153773e-01
  -6.1058761e-01
  -4.0975966e-01
  -3.9581328e-01
  -4.1533822e-01
  -1.8661750e-01
   1.2578153e-01
   3.8797356e-01
   5.0512320e-01
   7.1710825e-01
   1.3614312e+00
   1.4011784e+00
   1.8439762e+00
  -5.6595917e-01
  -9.2298663e-01
  -1.1130702e-01
   5.9856398e-01
   1.0546108e+00
   9.7930029e-01
   1.2526494e+00
   9.7930029e-01
   6.6202003e-01
   6.7805837e-01
   6.7805837e-01
   6.7247982e-01
   3.7123790e-01
  -3.8744545e-01
  -4.7251839e-01
  -3.5536876e-01
  -8.5046543e-01
  -7.3889435e-01
  -1.1231173e+00
  -1.0401363e+00
  -1.2911712e+00
  -1.4947884e+00
  -1.2939605e+00
  -1.0010864e+00
  -7.1379086e-01
  -4.7670231e-01
  -3.7907761e-01
   1.4210445e-02
  -9.6203651e-01
  -9.7877217e-01
  -4.4880954e-01
  -5.9664122e-01
  -7.1100158e-01
  -4.8228086e-01
  -5.6456454e-01
  -3.8744545e-01
  -3.7628834e-01
  -3.9302400e-01
  -2.9749126e-01
  -1.3222660e-01
   4.2103215e-02
  -1.1409630e-01
   2.3177405e-01
   5.1209639e-01
   8.4541500e-01
   1.2805422e+00
   1.7993477e+00
  -9.1740808e-01
  -1.0373470e+00
   2.0667056e-01
   7.9241873e-01
   1.0574000e+00
   1.1020285e+00
   1.1299213e+00
   9.6256463e-01
   8.4053376e-01
   8.1473295e-01
   7.6731524e-01
   6.2785139e-01
   3.4125317e-01
  -1.5314618e-01
  -2.7587437e-01
  -3.8744545e-01
  -6.7543830e-01
  -1.2214393e+00
  -1.5394169e+00
  -1.3943744e+00
  -1.1684430e+00
  -3.4640180e+00
   1.4809574e-01
  -7.2773724e-01
   1.9272417e-01
  -3.1074033e-01
  -5.2690930e-01
  -4.1673285e-01
  -2.5356015e-01
  -4.7153650e-02
  -2.5356015e-01
  -5.2133074e-01
  -6.0710101e-01
  -7.3889435e-01
  -5.9385195e-01
  -4.6833448e-01
  -3.0376714e-01
  -4.3207388e-01
  -4.4880954e-01
  -4.0975966e-01
  -1.0014991e-01
   2.7082393e-01
   2.1224911e-01
   1.2582280e+00
   1.7770335e+00
   1.9820454e+00
  -6.5521604e-01
  -8.8951531e-01
  -1.7546039e-01
   2.5966682e-01
   5.4975163e-01
   9.2351475e-01
   1.3363278e+00
   1.3084350e+00
   1.1864041e+00
   1.2638065e+00
   1.1299213e+00
   3.7123790e-01
  -4.4323099e-01
  -2.4519232e-01
  -4.8507014e-01
  -9.1322416e-01
  -9.1461880e-01
  -8.5604398e-01
  -1.2047036e+00
  -1.4027423e+00
  -1.8308963e+00
  -1.3636924e+00
  -4.4323099e-01
  -3.6513123e-01
  -4.1533822e-01
  -1.1409630e-01
  -3.0376714e-01
  -2.5356015e-01
  -3.9302400e-01
  -6.4963749e-01
  -6.9984447e-01
  -6.3569110e-01
  -6.1058761e-01
  -4.0906234e-01
  -4.5996665e-01
  -4.5438809e-01
  -5.2133074e-01
  -4.7949159e-01
  -4.4323099e-01
  -1.5314618e-01
   9.7888755e-02
   6.2785139e-01
   1.2512548e+00
   1.5148415e+00
   1.8251485e+00
   5.4696235e-01
  -2.5356015e-01
   1.6762068e-01
   5.9159079e-01
   4.9954465e-01
   6.8363693e-01
   9.0120054e-01
   7.2826536e-01
   9.0747641e-01
   3.1684700e-01
   6.6550663e-01
   1.3307492e+00
   1.0441510e+00
   9.9603595e-01
   1.1243427e+00
   1.2526494e+00
   1.0964499e+00
   5.5811946e-01
  -8.6203528e-02
  -6.7334634e-01
  -9.4251157e-01
  -6.5521604e-01
  -1.0234006e+00
  -7.6678712e-01
  -2.9818858e-01
   7.8363816e-02
   7.8893214e-01
   1.3809562e+00
   2.5301383e+00
   1.4200061e+00
   3.6524661e-02
   1.5227966e-01
   2.5339095e-01
   8.7888632e-01
   9.7372174e-01
   4.1028778e-01
   1.4809574e-01
   3.5130022e-02
   8.1153093e-02
   2.9313815e-01
   5.6369802e-01
   9.8487885e-01
   1.6654624e+00
   1.6919606e+00
   6.0832645e-01
  -1.2744355e+00
  -1.4968804e+00
  -3.8674813e-01
   6.3022792e-02
   1.1183514e-01
   3.3735384e-02
   6.2785139e-01
   8.3425789e-01
   9.8348421e-01
   1.1745497e+00
   1.2191781e+00
   1.1096990e+00
   7.7289379e-01
   3.0778185e-01
   1.5646357e-01
   6.1390500e-01
   7.6173669e-01
   2.4850971e-01
  -4.4602026e-01
  -8.3372977e-01
  -5.6874845e-01
  -2.9818858e-01
  -6.6637315e-01
  -1.6988184e-01
  -3.9465629e+00
  -5.6595917e-01
  -1.3083196e-01
   1.5367430e-01
  -3.5996542e-02
   6.6202003e-01
   8.6912385e-01
   9.8906276e-01
   9.9603595e-01
   1.0406644e+00
   1.0127716e+00
   1.0099823e+00
   9.9603595e-01
   1.1494462e+00
   1.9792561e+00
   2.2791034e+00
   2.7811732e+00
   3.2163005e+00
   3.8585315e+00
   2.8787979e+00
   9.1235764e-01
   3.3497730e-01
  -2.5356015e-01
  -1.4756762e-01
   1.4210445e-02
   3.7123790e-01
   1.1717604e+00
   1.3976918e+00
   1.3725884e+00
   9.4582897e-01
   9.9603595e-01
   9.3188258e-01
   9.2909331e-01
   2.8198104e-01
   1.2996544e-01
  -2.9720668e-02
  -4.5438809e-01
  -8.7766088e-01
  -8.6441182e-01
  -1.2632784e+00
  -9.0067242e-01
  -9.8435073e-01
  -2.5913870e-01
   8.2867933e-01
   6.0836772e+00
   8.7888632e-01
  -5.7153773e-01
  -4.8785942e-01
  -6.3708574e-01
  -4.2231141e-01
  -3.4839557e-01
  -3.2608135e-01
  -1.0572847e-01
   4.4933766e-01
   1.0657679e+00
   1.4534774e+00
   1.6152555e+00
   2.6033568e+00
   3.5119638e+00
   3.8187843e+00
   3.2274576e+00
   1.2303352e+00
   7.2785262e-02
  -1.1967485e-01
  -9.7360636e-02
  -4.4364373e-02
   2.5408827e-01
   4.8280898e-01
   1.2080210e+00
   1.5092629e+00
   1.4646345e+00
   1.5092629e+00
   1.4702130e+00
   1.0727411e+00
   1.2275459e+00
   3.2660947e-01
   5.3260323e-02
  -7.8910134e-01
  -5.2063342e-01
  -4.8785942e-01
  -6.1058761e-01
  -1.1684430e+00
  -1.1963358e+00
  -7.2215869e-01
  -1.8936550e+00
   4.2103215e-02
  -1.1967485e-01
   8.6731647e-02
   1.3693863e-01
  -2.6053334e-01
  -3.3723846e-01
  -5.6038062e-01
  -6.1058761e-01
  -6.0221978e-01
  -5.4364496e-01
  -3.2817331e-01
  -2.2008882e-01
  -1.8661750e-01
  -4.5759011e-02
   4.1028778e-01
   1.0078904e+00
   1.5413396e+00
   1.9109188e+00
   2.1731109e+00
   2.6096327e+00
   1.2833315e+00
  -1.5035690e-01
   1.8156707e-01
  -8.1037716e-03
   3.8657893e-01
   8.6215066e-01
   1.1354998e+00
   1.2679905e+00
   1.2289406e+00
   1.1745497e+00
   9.5140752e-01
   7.7289379e-01
   5.8880151e-01
   4.6188941e-01
   3.0499257e-01
   1.4210445e-02
  -3.7907761e-01
  -1.0293919e-01
  -2.0893172e-01
  -3.8326153e-01
  -6.6347286e+00
   1.5845734e+00
  -5.5271011e-01
   8.1752223e-01
   2.4711508e-01
  -3.4560629e-01
  -5.3248785e-01
  -3.5955268e-01
  -5.6177526e-01
   1.0346731e-01
   1.1020285e+00
   1.8662904e+00
   1.7777308e+00
   1.4116382e+00
   1.3976918e+00
   1.0852928e+00
   1.2512548e+00
   1.5817841e+00
   1.8502520e+00
   1.6682517e+00
   2.0894325e+00
   2.2526053e+00
   1.8593172e+00
   1.3697991e+00
   1.1438676e+00
   1.7770335e+00
   3.4334513e-01
  -5.2690930e-01
  -1.7546039e-01
   4.4654838e-01
   7.3454123e-01
   8.9004343e-01
   9.8208957e-01
   1.1522355e+00
   1.6180447e+00
   1.5762056e+00
   1.6487268e+00
   1.0971472e+00
   8.9562198e-01
   4.7723043e-01
   1.2299225e-01
  -2.2008882e-01
  -3.9581328e-01
   1.0346731e-01
  -5.9385195e-01
  -1.1042896e+00
  -1.1907572e+00
  -1.2939605e+00
  -9.6203651e-01
  -6.3848038e-01
  -1.9916925e-01
  -1.1517073e+00
   1.2916993e+00
  -2.5356015e-01
   3.0946107e-02
  -3.5885536e-01
  -5.8757607e-01
  -5.9943050e-01
  -3.4281701e-01
  -2.2985129e-01
   1.4210445e-02
   1.1183514e-01
   3.2103092e-01
   4.5352157e-01
   7.8126162e-01
   8.1194367e-01
   9.7372174e-01
   1.3363278e+00
   1.8886046e+00
   1.4869487e+00
   1.2972779e+00
   1.4423203e+00
   1.6654624e+00
   3.9773603e-01
   6.3900850e-01
   2.3735261e-01
   1.4809574e-01
   6.7247982e-01
   4.6049477e-01
   4.6049477e-01
   4.3818055e-01
   5.8322296e-01
   7.8405090e-01
   8.1752223e-01
   6.6202003e-01
   5.2743742e-01
   4.6467868e-01
   9.5559144e-01
   1.1341052e+00
   9.3188258e-01
   2.7082393e-01
  -2.5356015e-01
  -5.0459508e-01
  -8.2396730e-01
  -1.1042896e+00
  -1.5422061e+00
  -8.3372977e-01
  -6.6079459e-01
  -3.5118484e-01
   2.4850971e-01
   7.6173669e-01
   1.0127716e+00
   1.2610173e+00
   9.0120054e-01
  -2.5582003e+00
  -1.0373470e+00
  -3.4839557e-01
  -6.8310881e-01
  -8.7835820e-01
  -7.2773724e-01
  -2.8703147e-01
  -1.5076964e-02
   3.4613441e-01
   3.1824164e-01
   7.0037259e-01
   1.1243427e+00
   2.0266738e+00
   2.7309663e+00
   1.6403589e+00
  -9.0625097e-01
  -1.1684430e+00
   6.9061012e-01
   9.9603595e-01
   1.0155609e+00
   1.1912853e+00
   1.4200061e+00
   1.6543053e+00
  -1.3560219e+00
   2.3355862e+00
   1.1912853e+00
  -2.5356015e-01
  -7.5284074e-01
  -5.1017363e-01
   4.5910013e-01
   6.8363693e-01
   5.3260323e-02
  -1.8661750e-01
  -2.5356015e-01
  -8.2257266e-01
  -9.3414374e-01
  -1.6956164e+00
  -1.6816700e+00
  -1.4892099e+00
  -6.6637315e-01
  -2.9818858e-01
  -3.1631888e-01
  -2.8703147e-01
  -3.9860255e-01
  -1.4138994e+00
   5.9995862e-01
  -3.9860255e-01
  -5.4643424e-01
  -7.4447290e-01
  -6.1616616e-01
  -4.9692457e-01
  -6.9566056e-01
  -5.2133074e-01
  -6.9984447e-01
  -6.6079459e-01
  -5.5759134e-01
  -3.8326153e-01
   4.4933766e-01
   1.0518215e+00
   1.1083044e+00
   1.2972779e+00
   1.2526494e+00
   1.6326884e+00
  -1.3832173e+00
  -1.2688570e+00
   5.9438006e-01
   1.1675765e+00
   1.4478988e+00
   1.3921133e+00
   1.4060597e+00
   1.0741357e+00
   1.0295073e+00
   7.4500102e-01
   8.1194367e-01
   6.6132271e-01
   6.5574416e-01
  -3.4560629e-01
  -5.6595917e-01
  -9.2089468e-01
  -9.9550784e-01
  -1.3023283e+00
  -1.8657623e+00
  -1.2493320e+00
  -7.3610507e-01
  -6.6916242e-01
  -5.6038062e-01
  -1.8243359e-01
  -8.6203528e-02
  -3.0097786e-01
  -4.3486316e-01
   7.5057958e-01
  -7.1100158e-01
  -6.1058761e-01
  -5.6526186e-01
  -9.3972230e-01
  -7.6120857e-01
  -7.6330052e-01
  -9.1182952e-01
  -1.0471095e+00
  -1.1907572e+00
  -1.0234006e+00
  -2.3124593e-01
   2.4572044e-01
   6.7247982e-01
   7.7289379e-01
   7.9520801e-01
   1.1131856e+00
   1.1619979e+00
  -2.0893172e-01
  -4.1812749e-01
   5.9995862e-01
   8.9562198e-01
   8.3146861e-01
   6.7666374e-01
   5.8322296e-01
   6.1669428e-01
   4.1028778e-01
   4.6049477e-01
   4.5352157e-01
   3.0429525e-01
  -2.0195852e-01
  -2.2566738e-01
  -5.6595917e-01
  -1.6091488e+00
  -1.5589418e+00
  -1.6551718e+00
  -1.3246425e+00
  -7.5005146e-01
  -3.8744545e-01
  -3.9441864e-01
  -4.7670231e-01
  -4.9901653e-01
  -4.6424875e+00
   1.3474849e+00
  -2.4170572e-01
  -7.6120857e-01
  -6.9287128e-01
  -8.7835820e-01
  -9.3414374e-01
  -8.1141555e-01
  -8.0025844e-01
  -4.9901653e-01
  -4.3207388e-01
  -4.9831921e-01
  -2.0893172e-01
  -1.1758289e-01
   1.8714562e-01
   8.2937665e-01
   7.3244928e-01
   6.3621922e-01
   6.6341467e-01
   1.0964499e+00
   8.3704716e-01
  -1.1600752e+00
  -1.3083196e-01
   8.5099355e-01
   8.6912385e-01
   9.0398981e-01
   8.8446487e-01
   6.7108518e-01
   5.9438006e-01
   6.3342994e-01
   4.3120736e-01
   4.6049477e-01
   2.1503839e-01
  -5.8757607e-01
  -9.7877217e-01
  -9.2298663e-01
  -1.1461288e+00
  -8.2257266e-01
  -1.1572859e+00
  -1.2493320e+00
  -7.4447290e-01
  -5.1435755e-01
  -4.6833448e-01
  -3.4281701e-01
  -2.8145292e-01
  -3.0376714e-01
  -5.2732204e-02
   1.4251719e-01
  -3.1213497e-01
  -3.5955268e-01
  -9.5785260e-01
  -1.2353857e+00
  -1.0457148e+00
  -9.4809013e-01
  -6.5521604e-01
  -4.7112376e-01
  -7.0165185e-02
   4.0470923e-01
   5.4417308e-01
   1.1745497e+00
   1.3419063e+00
   1.0518215e+00
   1.3670098e+00
   1.0546108e+00
  -6.5521604e-01
  -8.3372977e-01
   3.7681646e-01
   8.1752223e-01
   8.4262572e-01
   9.1793620e-01
   7.6731524e-01
   5.0233392e-01
   1.0346731e-01
   7.8363816e-02
   2.8198104e-01
   2.7082393e-01
   5.9856398e-01
  -2.2287810e-01
  -9.8992928e-01
  -6.9984447e-01
  -2.6750653e-01
  -5.1575219e-01
  -7.6678712e-01
  -1.0122435e+00
  -1.0345577e+00
  -1.1070789e+00
  -9.2298663e-01
  -5.5619671e-01
  -8.3372977e-01
  -8.5186007e-01
  -8.0583700e-01
  -4.2719264e-01
  -5.1017363e-01
   3.5868616e-01
  -5.4364496e-01
  -5.5759134e-01
  -7.7724691e-01
  -8.7835820e-01
  -8.4488688e-01
  -6.6079459e-01
  -5.8548411e-01
  -3.8744545e-01
  -6.5283950e-02
   9.3885578e-01
   1.5315771e+00
   1.0211394e+00
   8.6284798e-01
   9.9603595e-01
   1.3774696e+00
   1.9388116e+00
   7.5574539e-02
  -5.0877900e-01
   5.3719989e-01
   5.5672482e-01
   6.2785139e-01
   3.9913067e-01
   2.7082393e-01
   4.4933766e-01
   4.1586633e-01
   2.8198104e-01
   7.5574539e-02
   2.0667056e-01
   5.8880151e-01
   4.6049477e-01
   2.1224911e-01
  -5.3806640e-01
  -1.5714935e+00
  -1.3134854e+00
  -1.4194779e+00
  -8.7835820e-01
  -4.4323099e-01
  -4.1575096e-02
   2.5966682e-01
   1.7040996e-01
  -2.5421619e+00
  -1.2123741e+00
  -3.8186689e-01
  -5.1017363e-01
  -7.8910134e-01
  -7.5284074e-01
  -7.2773724e-01
  -4.9343797e-01
  -5.1435755e-01
  -4.7391303e-01
  -1.9777461e-01
  -9.1782082e-02
   8.1153093e-02
   5.1628031e-01
   1.0462429e+00
   1.2861208e+00
   2.0615398e+00
   1.4423203e+00
  -3.1492424e-01
  -5.5480207e-01
   8.6731647e-02
   7.1710825e-01
   9.2351475e-01
   1.2414923e+00
   1.3530634e+00
   1.2080210e+00
   9.7790565e-01
   6.0972109e-01
   4.6049477e-01
   1.7040996e-01
   6.2325473e-02
  -3.4839557e-01
  -2.9818858e-01
  -7.1658013e-01
  -8.7835820e-01
  -1.1015004e+00
  -8.7766088e-01
  -1.0680290e+00
  -1.4515546e+00
  -1.2158607e+00
  -6.2453399e-01
  -5.1435755e-01
   4.0708576e-02
  -1.6537772e+00
  -2.5356015e-01
  -5.2732204e-02
  -4.0906234e-01
  -6.1616616e-01
  -3.8674813e-01
  -3.9790523e-01
  -4.8785942e-01
  -2.9818858e-01
  -9.7360636e-02
  -6.3191993e-02
  -5.8310758e-02
  -2.7029581e-01
  -7.5046420e-02
   2.2619550e-01
   4.5491621e-01
   6.8363693e-01
   8.2937665e-01
   1.6403589e+00
   2.1675323e+00
  -5.4922351e-01
  -1.2270178e+00
   1.4251719e-01
   5.7206585e-01
   9.5698608e-01
   1.2526494e+00
   1.5148415e+00
   1.7714550e+00
   1.4876460e+00
   1.3307492e+00
   6.8921548e-01
  -5.8310758e-02
  -4.9901653e-01
  -4.6833448e-01
  -5.2133074e-01
  -8.7417429e-01
  -6.4963749e-01
  -9.3972230e-01
  -1.0959218e+00
  -9.0625097e-01
  -8.5883326e-01
  -1.2521213e+00
  -1.2855926e+00
  -1.0401363e+00
  -7.2494796e-01
  -3.3691826e+00
   1.6543053e+00
  -1.2765275e+00
  -1.9219605e-01
  -4.6275593e-01
  -4.7670231e-01
  -2.5356015e-01
  -3.2329207e-01
  -3.9720792e-01
  -3.4560629e-01
  -2.5356015e-01
  -2.5356015e-01
   3.0946107e-02
  -4.4323099e-01
  -7.2146137e-01
  -3.9860255e-01
  -1.3083196e-01
   1.8156707e-01
   4.6119209e-01
   8.1752223e-01
   1.0887794e+00
   1.4172168e+00
   1.3697991e+00
  -1.8071874e+00
   1.0346731e-01
   8.3007397e-01
   9.5977535e-01
   1.3084350e+00
   1.6152555e+00
   1.6068876e+00
   1.3809562e+00
   1.2972779e+00
   1.1229481e+00
   8.2589006e-01
   5.2743742e-01
  -1.3641051e-01
  -2.9818858e-01
  -2.0823440e-01
  -1.0624505e+00
  -9.8992928e-01
  -1.1293931e+00
  -1.2688570e+00
  -1.2312017e+00
  -1.1084736e+00
  -1.0568719e+00
  -1.1015004e+00
  -7.0821230e-01
  -6.1058761e-01
  -2.8842611e-01
   8.6215066e-01
  -9.8992928e-01
  -2.3682449e-01
  -2.4240304e-01
  -5.1784415e-01
  -4.4323099e-01
  -5.8130020e-01
  -4.4880954e-01
  -3.5955268e-01
  -5.0459508e-01
  -4.6693984e-01
  -3.8186689e-01
  -1.6988184e-01
   1.2578153e-01
   5.2743742e-01
   8.6912385e-01
   1.2582280e+00
   1.5315771e+00
   2.3348889e+00
  -9.1782082e-02
  -3.4839557e-01
   3.3009607e-01
   4.7165188e-01
   6.9479404e-01
   8.9004343e-01
   1.0218368e+00
   1.2916993e+00
   1.1522355e+00
   1.0539135e+00
   9.0887105e-01
   6.5574416e-01
   9.7888755e-02
  -5.3806640e-01
  -3.3207265e-02
  -3.1631888e-01
  -2.4240304e-01
  -8.1699411e-01
  -9.4530085e-01
  -1.2493320e+00
  -1.9940690e+00
  -2.2757860e+00
  -1.1796001e+00
  -4.8925406e-01
  -5.8310758e-02
  -1.4522519e+00
   2.7640248e-01
  -5.4922351e-01
  -1.0293919e-01
  -3.9860255e-01
  -3.2608135e-01
  -5.6595917e-01
  -4.5020418e-01
  -6.1058761e-01
  -7.7794423e-01
  -9.1182952e-01
  -7.3052652e-01
  -3.1492424e-01
   8.6731647e-02
   4.2283953e-01
   9.0677909e-01
   1.1187641e+00
   1.5650485e+00
   2.3795174e+00
   2.0706049e+00
  -1.1461288e+00
   1.1299213e+00
   1.4172168e+00
   1.3154082e+00
   1.1745497e+00
   1.3976918e+00
   7.4500102e-01
   5.4417308e-01
   3.6565935e-01
   3.0708453e-01
   3.3358266e-01
   5.7206585e-01
   5.4975163e-01
   2.3735261e-01
  -2.3124593e-01
  -5.5480207e-01
  -8.2257266e-01
  -1.3581138e+00
  -1.0010864e+00
  -1.5477847e+00
  -1.5756775e+00
  -7.2773724e-01
  -5.3248785e-01
  -6.8450345e-01
  -7.0263375e-01
  -1.0443202e+00
  -1.7451260e+00
   1.2972779e+00
  -1.6733022e+00
  -2.5356015e-01
  -5.3248785e-01
  -3.9302400e-01
  -5.9385195e-01
  -5.1296291e-01
  -4.5438809e-01
  -4.3765243e-01
  -5.1993610e-01
  -5.1017363e-01
  -5.2133074e-01
  -4.3207388e-01
  -1.8243359e-01
   3.8797356e-01
   5.0512320e-01
   4.0331459e-01
   8.6215066e-01
   1.3000671e+00
   2.2902605e+00
   2.2902605e+00
   4.2103215e-02
  -7.4447290e-01
  -1.0572847e-01
   3.0987381e-01
   7.2826536e-01
   1.1633926e+00
   1.2359138e+00
   1.0413617e+00
   8.6772921e-01
   8.1752223e-01
   6.9758331e-01
   8.8167560e-01
   9.5977535e-01
   2.3735261e-01
  -4.8785942e-01
  -8.5046543e-01
  -1.1126575e+00
  -1.0568719e+00
  -7.9467989e-01
  -6.9984447e-01
  -1.0624505e+00
  -1.0045730e+00
  -9.2298663e-01
  -7.5447303e+00
   1.1592087e+00
  -6.9496324e-01
  -8.6203528e-02
  -3.6024999e-01
  -6.3290182e-01
  -5.4364496e-01
  -4.2370605e-01
  -2.5356015e-01
  -1.9916925e-01
  -1.4198907e-01
  -2.5356015e-01
  -5.6177526e-01
  -7.6120857e-01
  -7.0542303e-01
  -6.1058761e-01
  -4.8548288e-02
   3.6844863e-01
   7.7289379e-01
   1.1117910e+00
   1.7268265e+00
   1.9053403e+00
  -8.6720109e-01
  -9.5645796e-01
   3.3776658e-01
   7.8962946e-01
   1.1466569e+00
   1.3419063e+00
   1.3872321e+00
   1.2665958e+00
   1.0044038e+00
   6.4598169e-01
   7.2268681e-01
   5.4975163e-01
   1.3693863e-01
  -1.3850247e-01
  -1.2246413e-01
  -8.1699411e-01
  -8.2257266e-01
  -8.6441182e-01
  -1.3148801e+00
  -1.2409642e+00
  -1.5924131e+00
  -1.4083208e+00
  -6.4684821e-01
  -1.8940678e-01
  -6.1556703e+00
  -2.8326030e-02
  -3.4560629e-01
  -1.9219605e-01
  -3.4281701e-01
  -4.9901653e-01
  -3.9302400e-01
  -5.2690930e-01
  -5.8269484e-01
  -5.8827339e-01
  -4.0906234e-01
  -3.9860255e-01
  -7.8910134e-01
  -8.8951531e-01
  -8.1141555e-01
  -6.1058761e-01
   5.3260323e-02
   1.1159749e+00
   1.0852928e+00
  -1.1461288e+00
  -2.1837398e+00
  -5.2690930e-01
   4.8420362e-01
   8.9143807e-01
   1.3976918e+00
   1.5315771e+00
   1.5929412e+00
   1.7881906e+00
   1.8188727e+00
   1.4423203e+00
   8.1961418e-01
   2.5129899e-01
   1.9272417e-01
   4.9396609e-01
   6.8921548e-01
   6.6829590e-01
   6.8433425e-01
  -1.7964431e-01
  -2.4728428e-01
  -1.2298071e+00
  -1.5143134e+00
  -1.4752635e+00
  -1.1070789e+00
  -9.9271856e-01
  -1.5422061e+00
  -1.4041369e+00
  -6.2453399e-01
  -1.0624505e+00
  -6.3848038e-01
  -2.0753708e-01
  -9.7360636e-02
  -3.4281701e-01
  -1.2465428e+00
   8.8823605e-02
  -8.3930832e-01
  -3.5676340e-01
  -3.8186689e-01
  -4.5996665e-01
  -5.9803586e-01
  -5.9664122e-01
  -6.6637315e-01
  -5.1017363e-01
  -4.7670231e-01
  -1.9498533e-01
  -3.2225368e-03
   4.6049477e-01
   8.8446487e-01
   9.2630403e-01
   1.3028564e+00
   1.6989338e+00
   2.8146446e+00
  -3.1841084e-01
  -2.2148346e-01
   2.7919176e-01
   5.7764440e-01
   9.4582897e-01
   9.9603595e-01
   1.1745497e+00
   1.0699518e+00
   6.8084765e-01
   3.7123790e-01
   5.4417308e-01
   5.2185886e-01
   5.2743742e-01
   4.6049477e-01
  -5.3806640e-01
  -5.7432701e-01
  -4.3207388e-01
  -1.1963358e+00
  -9.2995983e-01
  -1.5589418e+00
  -1.7116547e+00
  -1.0345577e+00
  -6.2941523e-01
  -2.9818858e-01
  -1.6081669e-01
   3.0946107e-02
  -9.1782082e-02
  -1.7546039e-01
  -1.4390029e+00
  -2.9609662e-01
  -6.7753026e-01
  -5.1296291e-01
  -6.1616616e-01
  -5.1854147e-01
  -6.8729273e-01
  -4.8228086e-01
  -5.6595917e-01
  -8.4488688e-01
  -9.4460353e-01
  -9.3693302e-01
  -5.9803586e-01
  -6.5283950e-02
   4.4375911e-01
   6.5016560e-01
   9.0677909e-01
   1.6208340e+00
   2.1842680e+00
   2.3878852e+00
  -2.9818858e-01
  -8.7626624e-01
   3.5450224e-01
   6.5016560e-01
   9.6256463e-01
   1.1187641e+00
   1.0574000e+00
   1.1048178e+00
   1.1912853e+00
   1.2205728e+00
   9.7093246e-01
   6.8363693e-01
   3.9076284e-01
  -2.5356015e-01
  -1.2525341e-01
  -2.8842611e-01
  -1.0014991e-01
  -2.0614244e-01
  -2.8982075e-01
  -1.4756762e-01
  -1.1856953e+01
  -3.8674813e-01
  -1.1140521e+00
  -5.6177526e-01
  -4.1254894e-01
  -5.4085568e-01
   7.8363816e-02
   9.5698608e-01
   1.1243427e+00
   9.9603595e-01
   1.3837455e+00
   8.2310078e-01
   2.4618010e+00
   2.7086520e+00
   2.4360002e+00
   1.9151027e+00
   2.2686436e+00
   2.1396395e+00
   1.3677071e+00
   1.1564194e+00
   1.7805201e+00
   1.1745497e+00
   1.2024425e+00
   8.9004343e-01
   5.1070175e-01
  -1.4059443e-01
   1.6762068e-01
   3.6565935e-01
  -1.3682326e-02
   1.0346731e-01
   2.2061694e-01
   6.0553717e-01
   9.9045740e-01
   1.1689711e+00
   1.2582280e+00
   1.3279599e+00
   1.2889100e+00
   9.5140752e-01
   6.7247982e-01
   4.0749850e-01
  -1.5593545e-01
  -3.5955268e-01
  -1.3362124e-01
  -7.1379086e-01
  -5.7711628e-01
  -7.4447290e-01
  -7.1239622e-01
  -1.8824979e+00
   4.7504028e+00
   6.0135326e-01
   1.0346731e-01
  -3.0934569e-01
  -2.2008882e-01
   1.4018758e+00
   3.9191983e+00
   4.0753978e+00
   3.2992815e+00
   1.7100909e+00
   1.1578140e+00
   1.6515161e+00
   8.2728469e-01
   4.2702344e-01
   3.3288534e-01
   2.2619550e-01
   6.0693181e-01
   3.7123790e-01
   3.5450224e-01
   7.2087943e-02
  -2.5913870e-01
  -5.3248785e-01
  -7.4447290e-01
  -2.6931391e-02
   3.9424944e-01
   8.9004343e-01
   8.9004343e-01
   9.2212011e-01
   1.0539135e+00
   1.5929412e+00
   1.6403589e+00
   1.0685572e+00
   5.5044895e-01
  -5.8310758e-02
  -3.3207265e-02
   8.1153093e-02
   6.2325473e-02
  -1.6430328e-01
  -3.7907761e-01
  -4.6554520e-01
  -6.3848038e-01
  -5.5898598e-01
  -2.9758945e+00
  -1.2911712e+00
  -5.5759134e-01
   2.9523010e-01
   7.1710825e-01
   5.6369802e-01
   9.8766812e-01
   1.5371557e+00
   2.8704301e+00
   2.6026595e+00
   2.3125747e+00
   1.8886046e+00
   1.5782975e+00
   1.6821981e+00
   1.7519300e+00
   1.5092629e+00
   4.9396609e-01
   1.7877779e-01
   7.9520801e-01
   4.5352157e-01
   2.5966682e-01
  -8.6203528e-02
  -2.5356015e-01
   8.6731647e-02
   1.0346731e-01
   2.6405949e-04
   5.2464814e-01
   8.7051849e-01
   8.2310078e-01
   7.3384391e-01
   9.3467186e-01
   1.0057984e+00
   1.1131856e+00
   7.4918494e-01
   9.1793620e-01
  -2.5356015e-01
  -4.5438809e-01
  -6.6079459e-01
   1.0346731e-01
   5.3301597e-01
   6.2325473e-02
  -2.7587437e-01
  -1.0345577e+00
  -7.8212814e-01
  -1.1126575e+00
  -1.4194779e+00
  -1.4501600e+00
  -4.9343797e-01
   2.2456321e+00
  -7.5046420e-02
   1.0974318e-01
  -4.2021945e-01
  -3.4281701e-01
  -2.5356015e-01
  -2.4240304e-01
  -4.5996665e-01
  -6.4196697e-01
  -3.6303927e-01
  -4.3765243e-01
  -1.9498533e-01
   6.9995985e-02
   2.1922231e-01
   1.0346731e-01
   3.7123790e-01
   1.1717604e+00
   1.6438455e+00
   2.6096327e+00
   1.6989338e+00
  -7.8910134e-01
  -7.0862504e-02
   3.1126845e-01
   5.1070175e-01
   7.8126162e-01
   1.3279599e+00
   1.5762056e+00
   1.4234927e+00
   1.2582280e+00
   1.1864041e+00
   1.1299213e+00
   6.1111573e-01
  -2.5356015e-01
  -7.5046420e-02
  -2.5356015e-01
  -6.9008200e-01
  -8.7835820e-01
  -9.2298663e-01
  -8.7766088e-01
  -7.1100158e-01
  -1.0401363e+00
  -1.3204586e+00
  -1.0122435e+00
  -1.1293931e+00
   4.6049477e-01
   6.5812069e-02
  -1.4477835e-01
  -5.3806640e-01
  -3.5397412e-01
  -3.7419638e-01
  -3.3165991e-01
  -1.7824967e-01
  -2.9400467e-01
  -6.5521604e-01
  -8.2536194e-01
  -7.7515495e-01
  -5.6038062e-01
  -2.3124593e-01
  -6.0118138e-03
   1.4530646e-01
   1.6762068e-01
   4.7444115e-01
   4.5491621e-01
   4.6049477e-01
   7.2268681e-01
   1.1299213e+00
   1.7993477e+00
   2.2735248e+00
   8.7609704e-01
   8.1153093e-02
   8.6633457e-01
   1.0253234e+00
   1.0685572e+00
   6.3342994e-01
   6.4737633e-01
   7.3244928e-01
   6.7247982e-01
   9.7930029e-01
   6.2506211e-01
   3.0987381e-01
  -2.0195852e-01
  -6.6079459e-01
  -7.5284074e-01
  -6.9775251e-01
  -5.9385195e-01
  -7.2773724e-01
  -7.4447290e-01
  -6.4963749e-01
  -8.6162254e-01
  -1.1105655e+00
  -6.8310881e-01
  -4.7670231e-01
  -3.0934569e-01
  -2.9818858e-01
  -4.4602026e-01
  -5.7153773e-01
  -2.9563696e+00
  -2.9818858e-01
  -2.3124593e-01
  -4.7670231e-01
  -8.1420483e-01
  -5.5898598e-01
  -3.4560629e-01
  -4.2091677e-01
  -4.7670231e-01
  -4.8228086e-01
  -3.7628834e-01
  -3.9651060e-01
  -3.4281701e-01
  -3.4281701e-01
  -3.8186689e-01
  -4.6833448e-01
  -3.0934569e-01
  -3.7907761e-01
  -3.0376714e-01
  -4.6833448e-01
  -3.5955268e-01
  -4.5996665e-01
  -3.1352960e-01
  -4.0975966e-01
  -4.2091677e-01
  -3.8116957e-01
  -3.4281701e-01
  -3.3165991e-01
  -3.4281701e-01
  -2.5913870e-01
  -4.3207388e-01
  -4.6475698e-01
  -4.5535772e-01
  -4.9966853e-01
  -5.2920908e-01
  -4.1373240e-01
  -3.9426250e-01
  -2.9288471e-01
  -4.0030488e-01
  -5.2920908e-01
  -7.2256538e-01
  -9.5888974e-01
  -1.3885704e+00
  -1.1468750e+00
  -7.5479143e-01
  -1.8963291e-02
  -1.9083556e-01
  -4.1641791e-01
  -3.5733681e-01
  -2.0426308e-01
  -1.0489942e-01
   1.5962274e-01
   3.5700729e-01
   2.0393355e-01
   5.8916330e-02
  -2.8348545e-01
  -6.9033933e-01
  -1.1361330e+00
  -1.2274402e+00
  -1.4369095e+00
  -9.8037378e-01
  -6.5005677e-01
  -6.1514521e-01
  -6.1514521e-01
  -6.1111696e-01
   7.7863144e-01
  -6.1514521e-01
   7.7714859e-02
  -7.9373124e-01
  -6.7422630e-01
  -6.3595787e-01
  -5.8560467e-01
  -6.4200025e-01
  -5.6143513e-01
  -5.9366118e-01
  -5.0772505e-01
  -3.8419186e-01
  -4.0030488e-01
  -4.4327295e-01
  -3.7882085e-01
  -2.7408619e-01
  -3.1436875e-01
  -2.4991665e-01
  -3.3853828e-01
  -3.5666544e-01
  -3.6807883e-01
  -3.8754874e-01
  -4.0030488e-01
  -3.5196581e-01
  -4.4327295e-01
  -3.6539333e-01
  -2.7408619e-01
  -1.5323850e-01
   4.0789177e-02
   1.5895136e-01
   1.3746733e-01
   2.6032914e-01
   2.5764364e-01
   2.1736107e-01
   2.9375784e-02
  -8.1924353e-01
  -2.2843261e-01
  -2.3917463e-01
   1.2068293e-01
   1.6902200e-01
   3.7983408e-01
   3.1941023e-01
   4.5905645e-01
   3.3082363e-01
   2.7241391e-01
   8.5099995e-02
  -1.0489942e-01
  -8.0729886e-02
   3.4075416e-02
   8.8456875e-02
   3.0598271e-01
   1.4753797e-01
   2.4824437e-01
  -1.4100544e+00
  -2.1096283e+00
  -6.1514521e-01
   6.2018670e-01
   1.4782053e+00
   1.8179215e+00
   1.7695825e+00
   1.4043539e+00
   9.3707619e-01
   7.2492136e-01
   5.3962157e-01
   4.5637094e-01
   4.7248397e-01
  -2.4991665e-01
  -1.0072288e+00
  -1.1683591e+00
  -1.3885704e+00
  -1.0287129e+00
  -1.9620656e-01
   7.2343850e-02
  -3.7882085e-01
  -7.4673492e-01
  -9.6560350e-01
  -1.1092780e+00
  -9.0786517e-01
  -6.6348429e-01
   4.5905645e-01
  -1.6935152e-01
  -2.5528766e-01
  -4.1641791e-01
  -4.9698303e-01
  -3.5733681e-01
  -3.0966912e-01
  -1.4786749e-01
  -6.1931357e-02
   1.2672531e-01
  -1.3592282e-02
   4.5488809e-02
   4.5488809e-02
  -1.7606528e-01
  -3.1436875e-01
  -5.0772505e-01
  -6.1514521e-01
  -6.6348429e-01
  -6.7556906e-01
  -5.0235404e-01
  -1.3712547e-01
  -1.8546455e-01
  -2.1634785e-01
  -2.4454564e-01
  -3.8016360e-01
  -3.0161260e-01
  -3.0496948e-01
  -1.4182511e-01
  -1.5323850e-01
  -1.3592282e-02
  -6.1931357e-02
  -4.8503836e-02
  -3.1436875e-01
  -3.7344984e-01
  -4.7012799e-01
  -5.8291916e-01
  -4.9966853e-01
  -2.5260215e-01
  -2.6334417e-01
  -2.5677051e-02
   7.2343850e-02
   1.8633767e-02
   1.8633767e-02
  -2.0694858e-01
  -2.2843261e-01
  -3.4122379e-01
  -8.3415390e-02
  -8.9040939e-01
  -1.5604427e+00
   6.7389678e-01
   1.0948496e+00
   1.7642115e+00
   1.8743171e+00
   1.6749185e+00
   1.1975701e+00
   8.2428501e-01
  -4.6219174e+00
   2.5658345e+00
   1.1358035e+00
  -6.9033933e-01
  -8.0447326e-01
  -6.4200025e-01
  -3.7076433e-01
  -2.5677051e-02
   3.0061170e-01
   4.8591149e-01
   4.9665351e-01
   2.2474621e-01
  -5.3726559e-01
  -9.8037378e-01
  -9.4143397e-01
  -6.4737126e-01
  -3.5666544e-01
  -3.7143571e-01
  -6.2185897e-01
  -8.0850151e-01
  -8.4609857e-01
  -1.0528824e+00
  -7.8164647e-01
  -5.7217715e-01
  -4.0567589e-01
  -5.8291916e-01
  -1.0542251e+00
  -1.1253910e+00
  -7.1182336e-01
  -3.4793755e-01
  -1.4518199e-01
   6.5630090e-02
  -1.9620656e-01
  -2.9705307e-02
  -1.8546455e-01
  -9.4546222e-01
   8.5631268e-03
  -1.2235520e-01
  -1.4249648e-01
  -2.5260215e-01
  -4.8624101e-01
  -4.5670047e-01
  -4.2178891e-01
  -4.3253093e-01
  -3.6942158e-01
  -3.5733681e-01
  -2.2843261e-01
  -3.2511076e-01
  -4.1373240e-01
  -4.4327295e-01
  -3.1436875e-01
  -4.1104690e-01
  -2.5528766e-01
  -1.2101245e-01
  -1.7875079e-01
  -2.1231959e-01
  -1.7203703e-01
  -2.0627721e-01
  -1.6935152e-01
   9.3827884e-02
   1.8633767e-02
   1.1531192e-01
   2.1319271e-02
  -1.4786749e-01
  -4.5818332e-02
   1.2068293e-01
   1.1531192e-01
   5.0859817e-02
   2.9375784e-02
   1.1531192e-01
   1.2873944e-01
  -1.1027043e-01
  -7.8044382e-02
   5.0605277e-01
  -6.1931357e-02
  -1.0394549e+00
  -1.0904794e+00
  -3.5196581e-01
  -5.6560349e-02
   1.0606094e+00
   1.5339295e+00
   1.9253417e+00
   1.9145997e+00
   1.8770026e+00
   1.7628687e+00
   1.4090535e+00
   1.0498674e+00
   4.4361480e-01
   3.4746792e-02
  -5.6560349e-02
  -4.4125882e-01
  -5.7217715e-01
  -9.1860718e-01
  -1.2596662e+00
  -8.5146958e-01
  -8.7295361e-01
  -8.4609857e-01
  -1.3697719e+00
  -8.9712315e-01
  -6.6079878e-01
  -6.5811328e-01
  -7.9238849e-01
  -5.7217715e-01
  -4.9161202e-01
  -4.4634727e+00
  -3.0320989e+00
  -4.2178891e-01
  -4.0567589e-01
  -5.7217715e-01
  -5.7217715e-01
  -5.6613476e-01
  -4.3521643e-01
  -4.2447442e-01
  -3.4659480e-01
  -3.3182452e-01
  -1.3712547e-01
  -1.4249648e-01
  -2.4334299e-02
  -1.5323850e-01
  -2.1231959e-01
  -2.9019921e-01
  -2.8952783e-01
  -3.7210709e-01
  -3.4458067e-01
  -4.0567589e-01
  -3.6270782e-01
  -3.3853828e-01
  -4.6207148e-01
  -4.8087001e-01
  -5.7217715e-01
  -1.0448259e+00
  -8.6892536e-01
  -2.8751371e-01
  -1.5323850e-01
   5.0859817e-02
   3.9661848e-01
   4.4160067e-01
   3.6237830e-01
   1.1531192e-01
   2.4004776e-02
  -9.6842911e-02
  -1.3592282e-02
   1.5022347e-01
   5.2350855e-01
   3.3418051e-01
   4.1608838e-01
   2.2810309e-01
   1.1531192e-01
  -9.2814655e-02
  -3.8150635e-01
  -3.2511076e-01
  -3.5733681e-01
  -3.0295535e-01
  -2.2306161e-01
  -1.2920906e-02
  -5.6560349e-02
   2.4004776e-02
  -7.5498982e-03
  -1.6034107e+00
  -2.1969072e+00
   3.0463996e-01
   9.7467325e-01
   1.5762262e+00
   1.4741770e+00
   1.4204669e+00
   1.3130468e+00
   1.2969337e+00
   1.0122703e+00
   6.0944468e-01
   2.1601832e-01
  -8.6100895e-02
  -1.3913960e-01
  -2.0694858e-01
  -3.7882085e-01
  -6.1514521e-01
  -1.0716809e+00
  -1.0448259e+00
  -8.1118702e-01
  -7.8500335e-01
  -8.8369563e-01
  -7.8298922e-01
  -6.0708870e-01
  -5.6076375e-01
  -6.7422630e-01
  -5.8426191e-01
  -5.7889091e-01
  -4.6072872e-01
  -1.2638346e-01
  -1.3443997e-01
   2.0918430e+00
   7.8937346e-01
  -8.3535655e-01
  -4.7012799e-01
  -6.6885530e-01
  -6.9033933e-01
  -7.8701748e-01
  -6.3931475e-01
  -4.4327295e-01
  -7.8044382e-02
  -2.8952783e-01
  -1.1027043e-01
  -1.3041171e-01
  -9.0129151e-02
   2.9375784e-02
   4.5488809e-02
   2.9375784e-02
   7.2343850e-02
   1.1531192e-01
   8.0400363e-02
   3.0047160e-02
   7.8917507e-03
  -1.3645410e-01
  -1.2638346e-01
  -3.7344984e-01
  -4.0030488e-01
  -5.8291916e-01
  -1.0340839e+00
  -8.6489710e-01
  -8.1924353e-01
  -5.8829017e-01
  -4.4058744e-01
  -5.1443881e-01
  -2.4320289e-01
  -9.9528415e-02
  -2.2776124e-01
  -1.1564144e-01
  -6.7302366e-02
   8.8456875e-02
   2.1736107e-01
   4.1810251e-01
   2.0191943e-01
   3.1941023e-01
   1.1531192e-01
  -1.4249648e-01
  -9.9528415e-02
  -3.8419186e-01
  -7.8164647e-01
  -1.7860250e+00
  -6.5811328e-01
   4.5368544e-01
   1.0820934e+00
   1.3184178e+00
   1.2083121e+00
   9.3170518e-01
   5.9870266e-01
   3.4895078e-01
   2.2810309e-01
   2.2810309e-01
   1.2471118e-01
   3.8386233e-01
   2.0259080e-01
  -5.5874963e-01
  -1.0367694e+00
  -9.4009122e-01
  -1.2516097e+00
  -1.2368394e+00
  -1.0877939e+00
  -6.4737126e-01
  -8.0850151e-01
  -8.3535655e-01
  -6.9436759e-01
  -6.1514521e-01
  -8.9712315e-01
  -8.1387252e-01
  -3.2511076e-01
  -1.0313984e+00
   1.6365099e-01
  -5.1041055e-01
  -5.7150577e-01
  -6.5139952e-01
  -6.6348429e-01
  -5.6412063e-01
  -4.7549900e-01
  -4.3253093e-01
  -2.2843261e-01
  -1.3578272e-01
   1.0456990e-01
   1.5290897e-01
   1.6365099e-01
  -4.7161084e-02
  -5.1189341e-02
  -5.1860717e-02
   1.1531192e-01
  -5.6560349e-02
   2.6301465e-01
   3.8789059e-01
   7.3700613e-01
   8.0951474e-01
   7.7594594e-01
   7.3834888e-01
   6.5576963e-01
   4.5905645e-01
   3.8453371e-01
   3.7312032e-01
   3.3015225e-01
   2.5495813e-01
   2.4421612e-01
   2.9375784e-02
   1.9453429e-01
   1.6902200e-01
   3.9460435e-01
   5.4499258e-01
   4.8591149e-01
   4.3757242e-01
   4.4428618e-01
   4.2683040e-01
   5.0202451e-01
   5.4499258e-01
   7.1686485e-01
   4.9128250e-01
   3.5163628e-01
  -1.0221392e-01
  -4.2984543e-01
  -6.9436759e-01
  -6.3662925e-01
  -3.1101187e-01
  -3.2511076e-01
  -2.7843612e+00
  -2.5379662e+00
  -1.0354266e+00
   5.1813754e-01
   2.2643866e+00
   2.7941023e+00
   2.9914869e+00
   2.8041729e+00
   2.3805347e+00
   1.6272508e+00
   8.6725308e-01
   6.8866705e-01
   4.5905645e-01
   5.0739552e-01
   6.7389678e-01
   6.0675918e-01
   1.8513502e-01
  -3.1436875e-01
  -1.3939414e+00
  -1.3006201e+00
  -1.2113271e+00
  -1.3563444e+00
  -1.4422805e+00
  -1.5973684e+00
  -1.3845422e+00
  -9.3740571e-01
  -7.3867840e-01
   1.9050603e-01
  -1.2072989e+00
  -2.0545754e+00
  -1.7752830e+00
  -3.3048177e-01
  -5.6680614e-01
  -6.8228282e-01
  -5.3995110e-01
  -4.3924469e-01
  -3.0765499e-01
  -1.0758493e-01
   2.6690280e-02
   1.3411045e-01
   7.2343850e-02
   1.1732604e-01
  -1.7472253e-01
  -1.5323850e-01
  -1.3309722e-01
  -8.2212742e-03
  -2.7140068e-01
  -1.4786749e-01
  -5.9768944e-01
  -6.7959731e-01
  -5.9366118e-01
  -7.2793639e-01
  -6.9571034e-01
  -6.6348429e-01
  -7.3263602e-01
  -4.9161202e-01
  -5.7217715e-01
  -1.5860951e-01
   5.7573578e-02
   9.9198892e-02
   3.3082363e-01
   3.7916270e-01
   3.0933959e-01
   3.2343849e-01
   1.0456990e-01
  -2.4334299e-02
  -9.4157407e-02
  -1.8277904e-01
  -5.6560349e-02
   3.0933959e-01
   5.5304909e-01
   5.7050487e-01
   6.3092871e-01
   2.7375666e-01
  -1.1899832e-01
  -4.5938597e-01
  -8.0313050e-01
  -6.5811328e-01
  -7.4404941e-01
  -6.1514521e-01
  -4.0030488e-01
   6.6972842e-02
   1.1531192e-01
   3.0329721e-01
   5.6647661e-01
   7.4640539e-01
  -6.9302483e-01
  -2.9461628e+00
  -7.8164647e-01
   1.6406783e+00
   2.6289438e+00
   2.9512043e+00
   2.6020888e+00
   2.3979904e+00
   2.0582742e+00
   1.5547421e+00
   7.7594594e-01
   2.8718418e-01
  -1.5055299e-01
  -1.8479317e-01
  -4.6744248e-01
  -7.8164647e-01
  -9.1055067e-01
  -7.5076317e-01
  -8.4072756e-01
  -6.6616979e-01
  -1.1287479e+00
  -8.6489710e-01
  -6.2051622e-01
  -6.0843145e-01
  -3.4928030e-01
  -2.7140068e-01
  -3.7344984e-01
  -8.0044500e-01
  -9.3337745e-01
  -2.2935853e+00
   6.4435623e-01
   1.4015283e-01
  -9.1592168e-01
  -7.8298922e-01
  -6.5811328e-01
  -5.1846706e-01
  -4.9698303e-01
  -4.0567589e-01
  -3.3988104e-01
  -4.4327295e-01
  -4.9966853e-01
  -4.9161202e-01
  -4.9161202e-01
  -4.0567589e-01
  -1.3712547e-01
  -2.8751371e-01
   3.8775048e-02
  -3.6419068e-02
  -6.7302366e-02
  -2.0627721e-01
  -2.8012857e-01
  -2.1366234e-01
  -2.5528766e-01
  -3.0295535e-01
  -3.5666544e-01
  -2.7677169e-01
  -3.7814947e-01
  -4.0030488e-01
  -2.5528766e-01
  -1.5458125e-01
  -1.5323850e-01
  -1.8963291e-02
  -1.2034107e-01
  -6.9987870e-02
  -1.3175447e-01
  -2.0627721e-01
  -1.6935152e-01
  -1.7740804e-01
   2.8718418e-01
   1.5895136e-01
   1.1531192e-01
   4.0789177e-02
  -1.5860951e-01
  -4.0567589e-01
  -4.4864396e-01
  -2.5260215e-01
  -3.6270782e-01
  -4.1641791e-01
  -6.1514521e-01
  -8.7295361e-01
  -1.4100544e+00
  -1.3080053e+00
  -1.1468750e+00
  -2.4627721e+00
  -2.6561284e+00
   7.2343850e-02
   9.1290665e-01
   2.0542459e+00
   2.6618412e+00
   2.5268946e+00
   2.0703589e+00
   1.3184178e+00
   8.0280098e-01
   4.5368544e-01
   2.1064731e-01
  -2.3380362e-01
  -8.7563912e-01
  -1.5470152e+00
  -1.7752830e+00
  -1.8612191e+00
  -1.8907597e+00
  -1.8451061e+00
  -1.2247547e+00
  -2.5797316e-01
   2.9375784e-02
  -1.3592282e-02
  -5.0772505e-01
  -6.1514521e-01
  -4.2178891e-01
  -3.7210709e-01
  -3.3182452e-01
  -5.1309605e-01
  -8.6959673e-01
  -9.2800645e-01
  -8.6892536e-01
  -5.4263660e-01
  -4.4327295e-01
  -6.6885530e-01
  -7.3934978e-01
  -7.7627546e-01
  -9.1860718e-01
  -9.2666369e-01
  -1.1428468e+00
  -1.0877939e+00
  -9.3404883e-01
  -8.8101012e-01
   6.3092871e-01
  -7.2256538e-01
  -2.7811444e-01
  -5.2383807e-01
  -3.9090562e-01
  -1.1564144e-01
  -2.8502659e-03
  -8.3415390e-02
  -1.4249648e-01
  -2.1500509e-01
  -1.8546455e-01
  -4.2715992e-01
  -2.8348545e-01
  -5.0235404e-01
  -5.6680614e-01
  -6.9033933e-01
  -6.8496832e-01
  -5.8560467e-01
  -6.6885530e-01
  -5.2920908e-01
  -5.9366118e-01
  -8.7295361e-01
  -8.1387252e-01
  -4.0030488e-01
  -3.5129443e-01
  -4.1104690e-01
  -5.0772505e-01
  -5.5069311e-01
  -5.7217715e-01
  -5.7217715e-01
  -5.5337862e-01
  -2.2843261e-01
   2.4004776e-02
   2.0124805e-01
   2.6032914e-01
   2.4421612e-01
   5.4216697e-02
  -1.6935152e-01
  -1.7875079e-01
  -1.0758493e-01
  -2.0694858e-01
  -1.4786749e-01
   1.3142494e-01
  -3.4404940e-02
   2.1736107e-01
   1.3411045e-01
   1.0456990e-01
   7.2343850e-02
   1.0456990e-01
   1.1531192e-01
   1.9587704e-01
   1.3679595e-01
   3.3015225e-01
   4.6711296e-01
   3.5700729e-01
   4.0937462e-01
   2.5227263e-01
  -1.3592282e-02
  -9.1471903e-02
  -9.9528415e-02
   7.2343850e-02
  -1.1361330e+00
  -1.8853887e+00
  -4.0567589e-01
   1.0794079e+00
   2.1186980e+00
   2.5537497e+00
   2.2697576e+00
   2.4651281e+00
   2.4409585e+00
   2.0676734e+00
   1.7131869e+00
   1.5654842e+00
   1.1035774e+00
   5.9870266e-01
   3.3955151e-01
  -1.7472253e-01
  -4.2178891e-01
  -8.2192903e-01
  -1.1180059e+00
  -8.9980865e-01
  -5.8291916e-01
  -5.9903219e-01
  -5.4666486e-01
  -9.0249416e-01
  -1.2220692e+00
  -1.0663099e+00
  -9.1592168e-01
  -8.0514463e-01
  -8.9443764e-01
  -7.0913786e-01
  -5.7217715e-01
  -6.6885530e-01
  -9.2129269e-01
  -1.2328112e+00
  -1.1737301e+00
  -9.3740571e-01
  -5.5069311e-01
  -4.9698303e-01
  -4.3790194e-01
  -8.9443764e-01
  -4.6702565e+00
  -1.4530225e+00
  -5.2853770e-01
  -8.0581601e-01
  -4.2715992e-01
  -4.8624101e-01
  -2.9825572e-01
  -1.5860951e-01
  -1.3175447e-01
  -4.5818332e-02
  -1.6476173e-04
   6.1601834e-02
   1.6902200e-01
   1.1531192e-01
   2.4421612e-01
   3.4156564e-01
   4.4294342e-01
   4.5301406e-01
   4.0400361e-01
   3.2343849e-01
   1.9050603e-01
   1.5948263e-02
   1.1531192e-01
   1.8633767e-02
   6.1601834e-02
   6.4287338e-02
   2.4958712e-01
   5.6110561e-01
   4.4831443e-01
   5.2350855e-01
   4.8054048e-01
   5.1008103e-01
   4.1608838e-01
   6.7725366e-01
   5.7721863e-01
   6.2555771e-01
   6.0675918e-01
   4.9665351e-01
   3.4156564e-01
   3.9460435e-01
   6.3629972e-01
   4.9128250e-01
   6.1347294e-01
   5.8258964e-01
   6.6315476e-01
   6.0944468e-01
   4.9665351e-01
   6.3898523e-01
   5.7184762e-01
   6.7121128e-01
   4.8121186e-01
   4.5905645e-01
   3.7312032e-01
  -3.7451003e+00
  -2.4090620e+00
  -2.4991665e-01
   1.2022697e+00
   2.2986268e+00
   2.4235027e+00
   2.2314892e+00
   2.2637152e+00
   2.0582742e+00
   1.8420911e+00
   1.3707851e+00
   8.8873711e-01
   4.3757242e-01
   6.9658346e-02
  -1.8546455e-01
  -2.1231959e-01
  -3.8419186e-01
  -4.9698303e-01
  -6.5811328e-01
  -8.4609857e-01
  -9.0517966e-01
  -1.3509734e+00
  -1.3818566e+00
  -1.3670864e+00
  -1.0877939e+00
  -7.3867840e-01
  -1.1307620e+00
  -1.2462387e+00
  -1.0414690e+00
  -8.6221159e-01
  -2.2843261e-01
   5.4499258e-01
   1.7480984e+00
  -7.3800703e-01
  -4.4864396e-01
  -2.4051738e-01
  -5.6143513e-01
  -4.4864396e-01
  -4.9698303e-01
  -2.9221334e-01
  -4.1104690e-01
  -3.7882085e-01
  -4.3790194e-01
  -4.6072872e-01
  -4.0030488e-01
  -3.5733681e-01
  -4.4327295e-01
  -3.6539333e-01
  -2.9087059e-01
  -2.1231959e-01
  -5.5357700e-03
   2.0191943e-01
   4.4146057e-02
   4.5488809e-02
  -1.6666602e-01
  -1.6398052e-01
  -3.4122379e-01
   1.0994091e-01
   5.6647661e-01
   1.0552384e+00
   1.1787716e+00
   1.1331180e+00
   9.0753564e-01
   5.4499258e-01
   3.0933959e-01
   2.6032914e-01
   2.6032914e-01
   3.8923334e-01
   3.7714857e-01
   5.2350855e-01
   5.0202451e-01
   6.5241275e-01
   5.9333166e-01
   6.4704174e-01
   7.8131695e-01
   1.1035774e+00
   1.3667569e+00
   1.5225161e+00
   1.5708552e+00
   1.1250615e+00
   7.9205896e-01
   5.3425056e-01
   6.3629972e-01
   5.8258964e-01
   3.4357977e-01
   1.9587704e-01
   2.3078860e-01
  -2.4334299e-02
  -4.4595845e-01
  -1.9713248e+00
  -1.8827032e+00
  -1.0877939e+00
  -4.0030488e-01
   7.0075182e-01
   1.2539657e+00
   1.6406783e+00
   2.0408184e+00
   2.2214185e+00
   2.0435039e+00
   1.5440001e+00
   1.1572875e+00
   9.9817141e-01
   1.8513502e-01
  -4.6475698e-01
  -7.8298922e-01
  -1.0193136e+00
  -7.3196464e-01
  -5.3995110e-01
  -6.3931475e-01
  -6.2051622e-01
  -8.3535655e-01
  -9.5888974e-01
  -1.0716809e+00
  -1.1737301e+00
  -1.0260273e+00
  -9.8843029e-01
  -9.8305928e-01
  -8.9175214e-01
  -7.8701748e-01
  -4.2715992e-01
  -1.7472253e-01
  -4.3924469e-01
  -2.2264477e+00
   2.1467557e-01
  -7.2189400e-01
  -4.7012799e-01
  -4.9698303e-01
  -3.3585278e-01
  -2.9557022e-01
  -3.5076316e-02
  -3.3062188e-02
  -6.9987870e-02
  -4.1790076e-02
  -2.9705307e-02
  -1.4518199e-01
  -3.2511076e-01
  -3.8150635e-01
  -4.6408560e-01
  -4.9161202e-01
  -4.5938597e-01
  -4.4327295e-01
  -1.7740804e-01
  -2.2843261e-01
   1.1531192e-01
   1.5559448e-01
  -2.4334299e-02
   7.8917507e-03
  -1.0221392e-01
  -2.1567647e-01
  -3.7344984e-01
  -1.1027043e-01
   1.6902200e-01
   2.6032914e-01
   5.7721863e-01
   8.7262409e-01
   7.2223586e-01
   5.1545204e-01
   2.3078860e-01
   1.0188440e-01
   2.3078860e-01
   1.6902200e-01
   2.9375784e-02
   1.3276769e-01
   3.3820876e-01
   8.3502703e-01
   8.3502703e-01
   5.1813754e-01
   5.6379111e-01
   7.8131695e-01
   5.6110561e-01
   8.8873711e-01
   4.5905645e-01
   5.2350855e-01
   4.1608838e-01
   3.4357977e-01
   4.1608838e-01
  -8.7026811e-01
  -9.1592168e-01
  -2.3338679e+00
  -2.5876480e+00
  -2.9193078e+00
  -1.7564845e+00
  -1.2381822e+00
  -2.0157757e-01
   1.5290897e-01
   9.3170518e-01
   8.1891400e-01
   4.6979846e-01
   4.0789177e-02
  -2.1769060e-01
  -1.0489942e-01
  -1.6935152e-01
  -5.7217715e-01
  -7.8701748e-01
  -5.7217715e-01
  -2.1366234e-01
   2.3884511e-01
   9.4781820e-01
  -4.7012799e-01
  -1.5121036e+00
  -1.8021380e+00
  -9.8171653e-01
   3.9460435e-01
   5.7721863e-01
   8.6725308e-01
   4.7114122e-01
  -3.8553461e-01
  -1.1576171e+00
  -1.5228456e+00
  -1.7000889e+00
  -9.8171653e-01
  -7.6016244e-01
  -5.2920908e-01
  -3.5733681e-01
  -2.4110761e+00
  -2.2264477e+00
  -9.1592168e-01
  -1.0844371e+00
  -1.3456023e+00
  -2.0706885e+00
  -2.3123838e+00
  -2.8709687e+00
  -1.6289230e+00
   5.5842010e-01
   1.6621623e+00
   1.4258379e+00
   9.1693491e-01
   1.5895136e-01
  -4.2715992e-01
  -5.2920908e-01
  -3.9426250e-01
  -5.5069311e-01
  -7.8701748e-01
  -9.5888974e-01
  -9.7231726e-01
  -7.6016244e-01
  -2.3380362e-01
  -2.0306043e-02
  -2.1903335e-01
  -4.2178891e-01
  -5.6277788e-01
  -4.1373240e-01
  -6.7154080e-01
  -7.8701748e-01
   3.6237830e-01
  -4.1104690e-01
   4.5905645e-01
  -2.7019803e-02
  -5.2920908e-01
  -7.8030372e-01
  -2.2747868e+00
   4.5488809e-02
  -7.4404941e-01
  -6.3662925e-01
  -3.1436875e-01
  -1.0045433e+00
  -3.2335118e+00
  -2.9783889e+00
  -2.2667303e+00
  -1.5604427e+00
  -1.0985360e+00
  -8.2998554e-01
  -9.5888974e-01
  -2.0116074e+00
  -9.8708754e-01
  -2.1500509e-01
   4.6831561e-02
   5.0202451e-01
   1.3909264e+00
   1.2700787e+00
   4.6979846e-01
   1.1531192e-01
   9.1142379e-02
  -4.0447324e-02
  -1.3592282e-02
  -1.8210767e-01
  -4.5146956e-02
  -3.2511076e-01
  -4.0030488e-01
  -5.7217715e-01
  -1.4019979e+00
  -1.2596662e+00
   1.9199707e+00
   8.4576905e-01
   4.0668912e-01
   3.4089427e-01
  -8.4758143e-02
   2.6504278e+00
   3.6237830e-01
  -7.3330740e-01
  -1.0629530e+00
  -1.2005851e+00
  -1.2811502e+00
  -1.5658137e+00
  -1.7323149e+00
  -1.0931650e+00
  -1.6034107e+00
  -1.2516097e+00
  -1.3966269e+00
  -1.9740103e+00
  -2.4117475e+00
  -2.4359170e+00
  -1.3885704e+00
  -6.4871401e-01
   4.8993975e-01
   9.2096316e-01
   4.5905645e-01
   1.9587704e-01
   2.8718418e-01
   4.5905645e-01
   3.8923334e-01
   1.1531192e-01
  -5.8560467e-01
  -6.2722998e-01
  -6.5274227e-01
  -2.2843261e-01
  -1.6935152e-01
  -2.2843261e-01
  -7.2525088e-01
  -1.1730587e+00
  -1.4959906e+00
  -1.5121036e+00
  -9.9648680e-01
   5.2887956e-01
   2.3884511e-01
  -3.1436875e-01
   4.5488809e-02
  -1.6476173e-04
   2.6570015e-01
  -3.3062188e-02
   2.4488749e-01
   1.5895136e-01
   1.8633767e-02
   1.3262759e-02
  -4.8503836e-02
  -9.1471903e-02
  -1.1564144e-01
  -1.4182511e-01
   2.9375784e-02
   1.8513502e-01
   2.4958712e-01
   4.3757242e-01
   4.7785498e-01
   9.3707619e-01
   1.1827998e+00
   7.8803071e-01
   8.8873711e-01
   8.1555712e-01
   9.3170518e-01
   7.7057493e-01
   9.3170518e-01
   1.2432237e+00
   1.4258379e+00
   1.5117741e+00
   1.5010321e+00
   1.4600781e+00
   1.1411745e+00
   9.5856022e-01
   9.7467325e-01
   9.1290665e-01
   1.0673231e+00
   1.3399018e+00
   1.7051304e+00
   2.1784505e+00
   2.2341747e+00
   1.8447766e+00
  -7.2256538e-01
  -3.2039712e+00
  -2.6024183e+00
  -5.9366118e-01
   1.1531192e-01
   3.3552326e-01
   1.3761561e+00
   2.2670721e+00
   2.9820876e+00
   3.3271749e+00
   3.2949488e+00
   2.8867522e+00
   2.2153762e+00
   1.4171101e+00
   1.4043539e+00
   5.9870266e-01
  -5.3203469e-02
   5.7721863e-01
   6.5778376e-01
   4.3220141e-01
  -1.6463788e+00
  -1.7323149e+00
  -1.3637295e+00
  -1.4786749e-01
   3.3015225e-01
  -2.0694858e-01
   1.6917029e+00
   8.0280098e-01
  -3.8150635e-01
   2.5495813e-01
  -5.2853770e-01
  -6.8228282e-01
  -2.4991665e-01
  -1.5107608e+00
  -1.0609389e+00
  -9.5888974e-01
  -6.9436759e-01
  -8.5952609e-01
  -8.8101012e-01
  -1.4100544e+00
  -1.9592400e+00
  -1.6034107e+00
  -2.1324551e+00
  -8.0850151e-01
   1.5559448e-01
   9.0485014e-01
   1.3936119e+00
   1.9897938e+00
   1.5627987e+00
   1.0095848e+00
   3.3015225e-01
  -1.6935152e-01
  -5.2518082e-01
  -8.1387252e-01
  -9.3203470e-01
  -3.1973976e-01
   3.7890816e+00
   2.7644217e-01
   1.1531192e-01
  -1.4249648e-01
   1.7439301e-01
   2.2662024e-02
   2.9994033e-01
   1.6902200e-01
   2.7107116e-01
   2.5495813e-01
   2.8718418e-01
   4.3757242e-01
   1.7305026e-01
   4.5905645e-01
   3.6237830e-01
   5.6110561e-01
   6.9269531e-01
   8.1421437e-01
   8.3502703e-01
   1.0109276e+00
   9.3976169e-01
   1.0982064e+00
   1.1143195e+00
   1.3184178e+00
   1.6688761e+00
   1.5010321e+00
   1.1680295e+00
   9.5318921e-01
   2.0059068e+00
   2.1280973e+00
  -3.8592342e+00
  -4.2137208e+00
  -8.0313050e-01
   6.9000981e-01
   1.7454129e+00
   2.1025850e+00
   2.5752337e+00
   2.9189783e+00
   3.1720870e+00
   3.1452320e+00
   2.7887313e+00
   2.0569314e+00
   7.5983291e-01
  -8.0648738e-01
  -1.1683591e+00
  -2.1673666e+00
  -2.0142929e+00
  -1.4745065e+00
  -1.5765557e+00
  -1.0179708e+00
  -6.3931475e-01
  -6.2857273e-01
  -5.1309605e-01
  -6.9436759e-01
  -5.7217715e-01
   1.0753797e+00
  -6.7302366e-02
  -1.3846823e-01
  -1.6398052e-01
  -3.1436875e-01
  -6.7422630e-01
  -3.8553461e-01
  -4.8019863e-01
  -3.8889149e-01
  -1.4249648e-01
  -1.8143629e-01
  -1.0489942e-01
  -2.1903335e-01
   1.1531192e-01
   4.2414489e-01
   1.8043539e-01
   3.3404040e-02
  -2.5677051e-02
   1.8633767e-02
   1.0456990e-01
   2.6570015e-01
   2.9658345e-01
   4.1608838e-01
   3.7177756e-01
   3.4895078e-01
   3.4626527e-01
   4.4294342e-01
   3.3015225e-01
   4.5234269e-01
   5.8796065e-01
   6.0407367e-01
   6.4704174e-01
   8.5114005e-01
   1.1546020e+00
   1.4835763e+00
   1.6460493e+00
   1.6729043e+00
   2.1280973e+00
   1.7480984e+00
   1.5158023e+00
   1.1868281e+00
   7.7057493e-01
  -3.9183153e+00
  -2.5003691e+00
  -8.0313050e-01
   1.1760861e+00
   2.8196146e+00
   3.0102854e+00
   2.3281673e+00
   2.1294400e+00
   1.5050603e+00
   1.0444964e+00
   2.4757300e-01
  -9.5083323e-01
  -5.0193720e+00
  -1.0656385e+00
   1.3264743e+00
   5.6230825e-02
   4.8591149e-01
   1.6633650e-01
  -1.9083556e-01
   4.6577021e-01
   4.7516947e-01
  -4.6609973e-01
  -1.6398052e-01
  -1.2638346e-01
  -7.4942042e-01
  -3.3853828e-01
  -3.0362673e-01
  -3.3585278e-01
  -1.1092780e+00
  -2.8226296e+00
  -1.7188874e+00
   8.1743115e-02
   1.0606094e+00
   1.2754497e+00
   3.9460435e-01
  -2.9288471e-01
  -6.1514521e-01
  -4.6475698e-01
   7.8917507e-03
   1.0994091e-01
  -7.4942042e-01
  -1.3456023e+00
  -1.7323149e+00
  -1.6141528e+00
  -1.7967670e+00
  -1.0877939e+00
  -5.6143513e-01
  -2.0292033e-01
   9.1142379e-02
   1.4485246e-01
   1.2591383e-02
  -7.5498982e-03
  -2.3111812e-01
  -1.4786749e-01
  -1.1027043e-01
  -1.2234119e+00
   5.2887956e-01
   1.5962274e-01
  -1.9083556e-01
  -1.1027043e-01
  -1.9620656e-01
  -3.1973976e-01
  -2.8482820e-01
  -2.8952783e-01
  -3.8889149e-01
  -2.8482820e-01
  -6.9987870e-02
   2.4421612e-01
   4.5905645e-01
   3.8789059e-01
   5.7184762e-01
   6.6852577e-01
   6.0944468e-01
   5.1813754e-01
   7.6184704e-01
   8.1085749e-01
   9.1022115e-01
   9.1022115e-01
   8.5516831e-01
   8.6456758e-01
   7.1149384e-01
   6.5644100e-01
   5.1545204e-01
   6.1481569e-01
   5.6379111e-01
   5.1276653e-01
   4.8121186e-01
   2.9322657e-01
   2.5495813e-01
   1.9587704e-01
  -1.6893469e+00
  -2.4010055e+00
  -9.7701690e-01
   3.7312032e-01
   1.0444964e+00
   1.4043539e+00
   1.4291948e+00
   1.4835763e+00
   1.2418809e+00
   9.0216463e-01
   6.7389678e-01
   3.1941023e-01
  -5.4800761e-01
  -8.2931417e-01
  -6.2722998e-01
  -5.3189458e-01
  -2.2843261e-01
  -7.7627546e-01
  -7.0376685e-01
  -1.1522460e+00
  -1.3321748e+00
  -1.5174746e+00
  -1.6248948e+00
  -1.3449310e+00
  -8.0850151e-01
  -2.8751371e-01
  -5.6560349e-02
  -2.6346443e+00
   1.0720228e+00
   2.9524070e-01
  -1.6476173e-04
   2.0647895e-02
  -2.4334299e-02
  -9.6171535e-02
  -1.0221392e-01
  -1.8009354e-01
  -4.0447324e-02
  -1.3443997e-01
  -1.4786749e-01
  -6.1931357e-02
  -2.2843261e-01
  -3.3182452e-01
  -1.5323850e-01
  -3.4458067e-01
  -1.5860951e-01
   6.1601834e-02
   1.0456990e-01
   1.1531192e-01
   3.4089427e-01
   3.5767867e-01
   3.4425115e-01
   4.0266086e-01
   3.7312032e-01
   1.3679595e-01
  -8.3613777e-04
  -4.5818332e-02
   9.9198892e-02
   2.7644217e-01
   3.7312032e-01
   3.9527572e-01
   3.9997536e-01
   1.5290897e-01
   2.2004658e-01
   1.9050603e-01
   2.5495813e-01
   4.5905645e-01
   9.5990297e-01
   1.5547421e+00
   2.0186630e+00
   2.0918430e+00
   1.7668970e+00
   1.1895136e+00
  -1.5174746e+00
  -2.8602267e+00
  -1.7108309e+00
  -4.3051680e-01
   2.2340346e-01
   1.1572875e+00
   1.8877447e+00
   2.6329721e+00
   2.7685900e+00
   2.6665409e+00
   2.2368602e+00
   1.5332581e+00
   8.2495639e-01
   3.5163628e-01
   2.0661906e-01
  -1.5995226e-01
  -6.4468576e-01
  -1.3053198e+00
  -1.2918923e+00
  -1.1589598e+00
  -1.1012215e+00
  -1.0287129e+00
  -9.8574479e-01
  -8.9443764e-01
  -4.6475698e-01
  -3.0832636e-01
   7.2343850e-02
   2.5764364e-01
   1.7439301e-01
   1.0725540e-01
  -4.8474998e+00
   3.5822978e+00
   7.8917507e-03
  -6.0977420e-01
  -6.6079878e-01
  -3.8754874e-01
  -3.4793755e-01
  -2.4991665e-01
   8.3085867e-02
   2.3884511e-01
   3.3820876e-01
   5.2350855e-01
   3.9191884e-01
   3.1269647e-01
   1.3142494e-01
   2.7107116e-01
   3.3015225e-01
   2.8718418e-01
   3.3015225e-01
   6.4167073e-01
   7.8937346e-01
   8.5382556e-01
   8.5651106e-01
   6.0944468e-01
   5.3962157e-01
   4.3488691e-01
   3.8386233e-01
   2.3884511e-01
   2.3347410e-01
   3.5969279e-01
   4.7785498e-01
   7.5983291e-01
   8.4576905e-01
   8.8940849e-01
   1.0122703e+00
   1.3130468e+00
   1.3130468e+00
   1.2432237e+00
   1.1465455e+00
   1.0982064e+00
   1.2324816e+00
   1.2969337e+00
   1.5466856e+00
   1.5654842e+00
   1.4929755e+00
  -9.8574479e-01
  -4.9871460e+00
  -3.2133705e+00
  -1.2462387e+00
  -9.1471903e-02
   7.4103438e-01
   6.4435623e-01
   1.6836463e+00
   2.8713106e+00
   2.8800384e+00
   3.0371404e+00
   2.5215236e+00
   1.7944234e+00
   1.1465455e+00
   7.5983291e-01
   5.0202451e-01
   4.0736049e-01
  -2.1231959e-01
  -5.8829017e-01
  -8.0313050e-01
  -1.1844721e+00
  -1.2301257e+00
  -9.8037378e-01
  -1.1502319e+00
  -8.0313050e-01
  -6.3260099e-01
  -5.9903219e-01
  -6.3662925e-01
  -5.8829017e-01
  -5.6143513e-01
  -2.7811444e-01
  -4.5670047e-01
   1.1304325e+00
   5.6379111e-01
  -3.1436875e-01
  -5.5874963e-01
  -3.5397993e-01
  -3.2511076e-01
  -1.7740804e-01
  -1.4786749e-01
  -1.6476173e-04
   7.2343850e-02
   1.3679595e-01
   1.5948263e-02
   5.1531193e-02
  -9.9528415e-02
  -5.9245853e-02
   9.7856140e-02
  -1.1966970e-01
   5.2062466e-03
  -6.1931357e-02
   1.5948263e-02
   2.5495813e-01
   4.8322599e-01
   5.5304909e-01
   6.0407367e-01
   4.5905645e-01
   3.7312032e-01
   5.3425056e-01
   5.6647661e-01
   7.2760686e-01
   9.0753564e-01
   6.6718302e-01
   6.8329605e-01
   5.7721863e-01
   4.4562893e-01
   4.4160067e-01
   2.5495813e-01
   1.1531192e-01
   1.9587704e-01
  -6.1931357e-02
  -2.4334299e-02
  -3.2737943e+00
  -2.8790252e+00
  -1.8592050e+00
  -5.8291916e-01
   5.0471002e-01
   1.4741770e+00
   2.0649879e+00
   2.1999345e+00
   2.1509241e+00
   1.7306427e+00
   1.4298662e+00
   8.1354300e-01
   2.4958712e-01
   2.1736107e-01
   1.0188440e-01
  -5.7217715e-01
  -8.8369563e-01
  -8.1118702e-01
  -8.6221159e-01
  -4.8019863e-01
  -7.6821895e-01
  -8.6489710e-01
  -1.1307620e+00
  -1.6732338e+00
  -1.4422805e+00
  -1.2757792e+00
  -8.0850151e-01
  -6.1931357e-02
   9.9198892e-02
   1.2672531e-01
  -1.5055299e-01
   2.6301465e-01
   3.1096490e+00
  -6.5207089e-01
  -7.4942042e-01
  -6.0440320e-01
  -3.4659480e-01
  -2.1701922e-01
  -2.0694858e-01
   1.0994091e-01
   1.7439301e-01
   4.4831443e-01
   6.0944468e-01
   3.7849132e-01
   1.0456990e-01
   1.0658403e-01
  -1.2101245e-01
   2.5207424e-03
   1.2336843e-01
   1.9050603e-01
   3.7043481e-01
   3.3485188e-01
   2.7644217e-01
   1.5559448e-01
  -6.1931357e-02
  -1.5860951e-01
  -9.7514287e-02
  -3.7479259e-01
  -2.4991665e-01
  -4.3118818e-01
  -2.2843261e-01
  -2.6065866e-01
  -1.3592282e-02
   2.6032914e-01
   5.8258964e-01
   8.2428501e-01
   8.3502703e-01
   6.4972724e-01
   1.0243551e+00
   1.8125505e+00
   1.4902900e+00
  -4.0895162e+00
  -2.9367636e+00
   1.1035774e+00
   2.5161526e+00
   2.5107816e+00
   2.3496514e+00
   1.9145997e+00
   1.8340346e+00
   1.3184178e+00
   9.7467325e-01
   7.8131695e-01
   6.4972724e-01
   5.0202451e-01
   3.1672473e-01
  -2.2843261e-01
  -6.0440320e-01
  -1.7203703e-01
  -3.2913902e-01
  -4.3521643e-01
  -4.5938597e-01
  -7.5747693e-01
  -1.0233418e+00
  -9.8037378e-01
  -1.1012215e+00
  -1.1978996e+00
  -9.3740571e-01
  -6.7959731e-01
  -4.0030488e-01
   5.2753680e-01
   1.5158023e+00
   1.2539657e+00
  -4.8355551e-01
   1.8513502e-01
  -1.6129501e-01
  -1.6666602e-01
  -2.7677169e-01
  -3.8956286e-01
  -3.8419186e-01
  -2.0292033e-01
  -1.4249648e-01
   3.0047160e-02
   5.6230825e-02
  -6.8645118e-02
  -1.3592282e-02
  -1.2920906e-02
  -5.6560349e-02
  -9.4157407e-02
  -1.9620656e-01
  -7.8044382e-02
   7.2343850e-02
   7.2343850e-02
   3.3015225e-01
   3.3955151e-01
   5.3425056e-01
   1.0337543e+00
   1.1653440e+00
   8.7799510e-01
   8.0280098e-01
   7.1686485e-01
   6.5241275e-01
   9.1827766e-01
   7.5446191e-01
   9.6393123e-01
   6.5778376e-01
   3.3552326e-01
   3.4089427e-01
   5.2887956e-01
   6.0944468e-01
   7.7057493e-01
   1.3023048e+00
   1.6715616e+00
   1.7212434e+00
   1.1250615e+00
  -3.2684233e+00
  -3.1932292e+00
  -1.4583935e+00
   4.5368544e-01
   1.0928354e+00
   1.1519165e+00
   1.8501476e+00
   2.1166839e+00
   2.5094389e+00
   2.6826539e+00
   2.6994383e+00
   2.5215236e+00
   2.1777791e+00
   1.5815972e+00
   7.0075182e-01
   8.3085867e-02
  -3.7344984e-01
  -3.6539333e-01
  -4.9846589e-02
  -4.3253093e-01
  -1.1012215e+00
  -1.1092780e+00
  -1.2354967e+00
  -8.2998554e-01
  -8.6758260e-01
  -1.2274402e+00
  -7.2256538e-01
  -6.5274227e-01
  -5.8829017e-01
  -4.0030488e-01
  -5.6613476e-01
  -8.1655802e-01
  -8.7832462e-01
  -8.9980865e-01
  -8.7295361e-01
  -8.8906664e-01
  -8.1655802e-01
  -4.0567589e-01
  -2.5164822e+00
   2.1467557e-01
  -1.1844721e+00
  -2.0493445e-01
  -3.9359112e-01
  -2.2574711e-01
   8.3085867e-02
   1.7976402e-01
   3.3015225e-01
   3.5835004e-01
   2.4757300e-01
  -3.5076316e-02
  -2.6065866e-01
  -4.6072872e-01
  -4.7348487e-01
  -4.4595845e-01
  -3.8754874e-01
  -6.1931357e-02
   1.2605393e-01
   4.3757242e-01
   5.0739552e-01
   1.0068993e+00
   1.1358035e+00
   8.2159951e-01
   7.0612283e-01
   4.8591149e-01
   6.8665293e-01
   5.3693607e-01
   7.3834888e-01
   6.5241275e-01
   9.5856022e-01
   9.0216463e-01
   7.3834888e-01
   8.6993858e-01
   9.3976169e-01
   7.3297787e-01
   7.9205896e-01
   7.5177640e-01
   3.6103555e-01
  -3.3585278e-01
  -3.2511076e-01
  -2.1634785e-01
  -2.5406517e+00
  -2.5299097e+00
  -6.9033933e-01
   4.4831443e-01
   5.8258964e-01
   1.7346709e+00
   2.5651631e+00
   2.7256220e+00
   3.0666810e+00
   3.2197547e+00
   3.1123346e+00
   2.8384131e+00
   2.3872484e+00
   1.5977102e+00
   8.0347236e-01
   9.1142379e-02
  -1.2166981e+00
  -1.5282166e+00
  -1.7215729e+00
  -1.5510434e+00
  -1.4315385e+00
  -1.2166981e+00
  -5.4800761e-01
  -2.8952783e-01
  -4.7549900e-01
  -6.1514521e-01
  -5.8829017e-01
  -7.8701748e-01
  -8.5146958e-01
  -6.7556906e-01
  -8.2461454e-01
  -4.6475698e-01
   1.4605511e-02
   3.2627228e+00
  -4.1076434e+00
   5.1276653e-01
  -4.0567589e-01
  -3.0295535e-01
  -4.4864396e-01
  -2.3380362e-01
  -2.2843261e-01
  -1.4518199e-01
  -8.0729886e-02
  -2.1231959e-01
  -9.9528415e-02
  -1.3592282e-02
  -6.8645118e-02
  -3.5076316e-02
   1.9050603e-01
   2.1736107e-01
   3.8587646e-01
   5.0202451e-01
   6.3092871e-01
   5.1813754e-01
   4.2683040e-01
   3.7043481e-01
   2.8718418e-01
   2.0661906e-01
   3.5163628e-01
   3.8251958e-01
  -5.6560349e-02
   7.2343850e-02
   1.3948145e-01
   1.8244952e-01
   1.7439301e-01
   2.3615960e-01
   2.4421612e-01
   1.1531192e-01
   1.5827998e-01
   6.4167073e-01
   4.5905645e-01
   7.3297787e-01
   8.7262409e-01
   3.7043481e-01
  -1.4724924e+00
  -1.3711146e+00
  -3.4390929e-01
   2.7644217e-01
   7.6520392e-01
   1.0068993e+00
   1.7695825e+00
   2.2368602e+00
   2.2153762e+00
   2.0488749e+00
   1.7125155e+00
   1.2432237e+00
   7.1686485e-01
   1.1531192e-01
  -3.7761820e-02
   7.2343850e-02
  -2.9825572e-01
  -1.2019279e+00
  -1.5913260e+00
  -1.7430570e+00
  -8.4609857e-01
  -5.1309605e-01
  -2.3514638e-01
  -1.2348253e+00
  -9.1592168e-01
  -4.5401496e-01
  -1.2638346e-01
  -1.4249648e-01
   2.9375784e-02
  -6.2051622e-01
   2.1428676e+00
   4.7248397e-01
   6.5630090e-02
  -2.1500509e-01
   7.2343850e-02
  -2.4991665e-01
  -4.7161084e-02
  -1.0489942e-01
  -3.3585278e-01
  -4.1104690e-01
  -5.2652358e-01
  -3.7882085e-01
  -7.3800703e-01
  -9.9380130e-01
  -1.5067326e+00
  -1.8128801e+00
  -1.8236221e+00
  -1.5577572e+00
  -1.3133763e+00
  -1.0313984e+00
  -7.3599290e-01
  -4.4327295e-01
  -3.8956286e-01
  -4.3253093e-01
  -3.3585278e-01
  -4.6475698e-01
  -1.8546455e-01
   1.5827998e-01
   8.3085867e-02
  -5.1041055e-01
  -7.7090445e-01
  -3.7814947e-01
   8.1085749e-01
   1.4258379e+00
   2.0730444e+00
   4.7516947e-01
   6.6852577e-01
   1.3936119e+00
   1.4661205e+00
   1.0552384e+00
   2.2004658e-01
  -7.9238849e-01
  -3.3221334e+00
  -1.1576171e+00
   3.3015225e-01
   1.3620572e+00
   1.5735407e+00
   2.1764364e+00
   2.2637152e+00
   2.1025850e+00
   1.7789817e+00
   1.3184178e+00
   1.1358035e+00
   6.3092871e-01
  -9.4277672e-01
  -1.6034107e+00
  -1.5443296e+00
  -8.7832462e-01
   4.0266086e-01
   5.2350855e-01
   3.0047160e-02
   2.0124805e-01
  -2.8362555e-02
   4.0117801e-02
  -9.5888974e-01
   8.0347236e-01
   5.7184762e-01
   3.3015225e-01
   1.0901499e+00
   2.0435039e+00
   3.0317694e+00
   2.0757299e+00
   8.8940849e-01
   1.8340346e+00
   1.3694424e+00
   1.4688060e+00
   6.2018670e-01
   4.9665351e-01
   6.9605219e-01
   8.1421437e-01
   6.2018670e-01
   1.4485246e-01
  -5.1846706e-01
  -2.4186014e-01
   2.3884511e-01
   7.5983291e-01
   5.1276653e-01
   1.6633650e-01
   4.0534637e-01
   4.5905645e-01
   5.9333166e-01
   8.8873711e-01
   1.2109976e+00
   1.2324816e+00
   1.1465455e+00
   2.6690280e-02
  -3.3585278e-01
  -6.0440320e-01
  -5.5606412e-01
  -2.4991665e-01
   4.0400361e-01
   6.9538081e-01
   5.2082304e-01
   3.4089427e-01
   1.5827998e-01
   9.9198892e-02
   1.6499374e-01
   2.5227263e-01
   4.1071737e-01
   2.2662024e-02
  -2.5797316e-01
  -2.6804380e-01
   1.1531192e-01
  -3.4404940e-02
   4.2131929e-02
   5.3962157e-01
   4.2131929e-02
  -7.2793639e-01
  -1.4046834e+00
   3.4895078e-01
   2.1736107e-01
   5.0202451e-01
  -1.3592282e-02
  -6.8785221e-03
   7.8917507e-03
   4.1071737e-01
   1.8340346e+00
   1.5977102e+00
   2.7450919e+00
   1.5198306e+00
   2.5215236e+00
   1.4506789e+00
   2.2502877e+00
   1.8340346e+00
   2.1562951e+00
   2.5094389e+00
   1.8447766e+00
   6.5241275e-01
   2.6972841e-01
  -2.7140068e-01
   2.9375784e-02
  -1.3981098e-01
  -8.5146958e-01
  -7.5479143e-01
  -2.4991665e-01
   4.4831443e-01
   9.8541526e-01
   1.3419159e+00
   1.7239289e+00
   1.8420911e+00
   1.6245653e+00
   1.2432237e+00
   4.1071737e-01
   3.0061170e-01
   3.7312032e-01
   5.6902202e-02
  -3.1973976e-01
   2.1319271e-02
  -4.7549900e-01
  -1.1522460e+00
  -1.3724574e+00
  -8.0850151e-01
  -6.9571034e-01
  -1.1578154e-02
   3.4089427e-01
   5.4499258e-01
  -1.6705483e+00
   1.4580640e+00
   4.1608838e-01
  -2.0627721e-01
  -2.8012857e-01
  -3.9090562e-01
  -1.6935152e-01
   1.6365099e-01
   1.6096549e-01
  -2.2843261e-01
   2.9375784e-02
  -7.8044382e-02
   1.2672531e-01
  -2.0977419e-02
   2.6032914e-01
   2.2676034e-01
   1.5017034e+00
   1.0498674e+00
  -3.0777525e+00
  -5.6101829e+00
  -2.0545754e+00
   1.5426574e+00
  -5.2383807e-01
  -2.1217130e+00
  -5.6546339e-01
   3.6640656e-01
  -6.3125824e-01
  -1.2650372e+00
   3.7432296e-02
  -3.5076316e-02
  -1.3108309e-01
  -4.8624101e-01
  -5.7217715e-01
  -6.2051622e-01
  -4.4864396e-01
  -1.6666602e-01
   1.0994091e-01
  -3.0362673e-01
  -2.2037610e-01
  -2.0023482e-01
  -3.4458067e-01
  -4.8503836e-02
  -1.3592282e-02
  -5.7217715e-01
  -1.6398052e-01
   1.3262759e-02
  -6.2387310e-01
  -2.0653175e+00
  -1.1603026e+00
   5.6647661e-01
   1.5708552e+00
   1.7910665e+00
   1.1895136e+00
   5.8796065e-01
   5.3425056e-01
   8.8336610e-01
   7.5983291e-01
   6.7389678e-01
   4.5905645e-01
  -1.2920906e-02
  -5.8291916e-01
  -1.2408677e+00
  -5.5002174e-01
  -3.3048177e-01
  -3.7882085e-01
  -1.4745065e+00
  -1.8477916e+00
  -1.2489242e+00
  -7.4404941e-01
  -2.8214270e-01
  -1.1698419e-01
  -2.4521702e-01
  -6.8496832e-01
  -8.2998554e-01
  -9.8574479e-01
  -5.6076375e-01
  -3.4256654e-01
  -1.2101245e-01
  -1.8963291e-02
   2.1199007e-01
   5.9333166e-01
  -8.0850151e-01
  -5.8560467e-01
   1.6029411e-01
  -2.7140068e-01
  -5.6560349e-02
   8.8456875e-02
   1.6029411e-01
   1.3679595e-01
   5.4216697e-02
  -3.5076316e-02
  -1.8963291e-02
  -2.0306043e-02
  -2.1648795e-02
  -6.8785221e-03
  -1.4182511e-01
  -1.9352106e-01
  -4.6475698e-01
  -4.2447442e-01
  -5.1443881e-01
  -4.0567589e-01
  -3.0631224e-01
  -9.6171535e-02
   2.9658345e-01
   7.5446191e-01
   9.3170518e-01
   5.9601716e-01
   7.4909090e-01
   8.5919657e-01
   8.7262409e-01
   2.3347410e-01
   2.3884511e-01
  -1.9847523e+00
  -2.0384624e+00
  -9.9581543e-01
   5.6379111e-01
   1.0552384e+00
   1.1465455e+00
   1.2754497e+00
   1.4688060e+00
   1.3774989e+00
   1.0498674e+00
   6.0138817e-01
   3.4089427e-01
  -1.1027043e-01
  -8.5146958e-01
  -9.1592168e-01
  -6.1514521e-01
  -7.8097509e-01
  -6.3125824e-01
  -7.0108135e-01
  -7.0040997e-01
  -4.8624101e-01
  -7.9238849e-01
  -6.0977420e-01
  -5.1846706e-01
  -5.1980982e-01
  -4.8221276e-01
  -5.3726559e-01
   2.4114180e+00
   2.2073197e+00
   8.3368428e-01
  -1.1027043e-01
  -1.5860951e-01
   5.1531193e-02
  -5.6560349e-02
  -7.8044382e-02
  -1.5860951e-01
  -8.0729886e-02
   1.1531192e-01
   1.0456990e-01
   1.3262759e-02
   1.0994091e-01
   4.5488809e-02
   2.9375784e-02
  -1.3592282e-02
   2.5207424e-03
  -4.9846589e-02
   2.0647895e-02
   2.0124805e-01
   3.5969279e-01
   4.4831443e-01
   6.9000981e-01
   7.7594594e-01
   9.3707619e-01
   8.9276537e-01
   8.4039804e-01
   8.4039804e-01
   9.6930224e-01
   9.6930224e-01
   1.3828699e+00
   1.2915627e+00
   1.4688060e+00
   8.3234153e-01
   6.4704174e-01
   2.6570015e-01
  -1.9620656e-01
  -1.2101245e-01
  -2.7140068e-01
   4.2683040e-01
   1.4619521e-01
  -3.0750670e+00
  -2.8655977e+00
  -1.0233418e+00
   3.2746674e-01
   1.1250615e+00
   1.5332581e+00
   2.2100052e+00
   3.2143837e+00
   3.2090127e+00
   2.9028652e+00
   2.3959763e+00
   1.7736107e+00
   7.5983291e-01
   4.5905645e-01
   2.7375666e-01
   2.8181317e-01
   4.3757242e-01
   2.2273208e-01
   2.2273208e-01
  -1.0489942e-01
  -1.1415040e+00
  -1.6571208e+00
  -1.4254961e+00
  -1.4664500e+00
  -1.2596662e+00
  -1.7323149e+00
  -1.5443296e+00
  -1.0287129e+00
  -4.4864396e-01
   2.5207424e-03
   1.0994091e-01
   2.0918430e+00
  -3.5733681e-01
  -6.0910283e-01
  -6.8496832e-01
  -1.0260273e+00
  -7.6150519e-01
  -5.4532210e-01
  -5.1041055e-01
  -2.2843261e-01
   1.1531192e-01
   2.7107116e-01
   2.4421612e-01
   2.1199007e-01
   4.0803187e-01
   5.0739552e-01
   2.7375666e-01
   2.5495813e-01
   2.2810309e-01
   3.6237830e-01
   4.5905645e-01
   7.5446191e-01
   1.4473220e+00
   1.5520566e+00
   1.6191942e+00
   1.4473220e+00
   1.4043539e+00
   6.2555771e-01
   8.3502703e-01
   4.8054048e-01
   7.8668795e-01
   1.0068993e+00
   1.0928354e+00
   1.1989128e+00
   1.0639663e+00
   1.3130468e+00
   1.5654842e+00
   1.6514203e+00
   1.4043539e+00
   1.4473220e+00
   1.3244602e+00
   1.4473220e+00
   1.2324816e+00
   5.0403864e-01
  -2.0512186e+00
  -2.4412880e+00
  -2.0693457e+00
  -1.2811502e+00
  -4.6744248e-01
   4.5905645e-01
   6.4435623e-01
   7.7460319e-01
   1.3613858e+00
   1.7360137e+00
   1.9199707e+00
   1.9253417e+00
   1.9226562e+00
   1.4567212e+00
   7.3834888e-01
   3.3015225e-01
   8.8456875e-02
   4.8389736e-01
   6.9538081e-01
   2.0124805e-01
  -5.1309605e-01
  -1.2650372e+00
  -1.7269439e+00
  -2.1673666e+00
  -1.9149292e+00
  -1.2811502e+00
  -5.0235404e-01
  -2.0560583e-01
   4.0117801e-02
  -8.0447326e-01
   5.5842010e-01
   1.1920007e-02
  -3.6002232e-01
  -2.8751371e-01
  -1.7472253e-01
  -5.6560349e-02
  -3.3048177e-01
   1.6230824e-01
   4.8054048e-01
   5.1813754e-01
   3.1941023e-01
   2.3884511e-01
   9.3827884e-02
   1.6902200e-01
   1.3746733e-01
   2.2273208e-01
   1.3746733e-01
   2.1736107e-01
   1.1531192e-01
   3.3283775e-01
   5.6647661e-01
   7.1149384e-01
   1.1465455e+00
   1.4970038e+00
   1.0632949e+00
   7.7460319e-01
   7.9742997e-01
   9.8810077e-01
   1.1653440e+00
   1.7635401e+00
   1.9844228e+00
   1.8024799e+00
   1.4661205e+00
   1.7883810e+00
   1.6567913e+00
   1.6245653e+00
   1.5977102e+00
   1.3828699e+00
   1.6755898e+00
   9.3170518e-01
  -9.8977304e-01
  -2.1056000e+00
  -1.8236221e+00
  -9.6761763e-01
  -3.0832636e-01
   9.9870268e-02
   1.1035774e+00
   2.1173553e+00
   2.8223001e+00
   3.1499316e+00
   3.0881650e+00
   2.7524770e+00
   2.4355875e+00
   1.8447766e+00
   9.2364867e-01
   2.0661906e-01
  -4.1104690e-01
  -8.6221159e-01
  -1.3509734e+00
  -1.2811502e+00
  -9.1592168e-01
  -4.7818450e-01
  -2.1903335e-01
  -4.4327295e-01
  -1.4986761e+00
  -1.5282166e+00
  -1.4315385e+00
  -1.5738702e+00
  -8.2327178e-01
  -1.9889207e-01
   8.6456758e-01
  -3.0710388e+00
  -1.3080053e+00
   3.0933959e-01
  -6.5274227e-01
  -1.8546455e-01
  -2.4991665e-01
  -3.5733681e-01
  -1.0489942e-01
   2.2608896e-01
   4.4294342e-01
   4.3220141e-01
   3.5163628e-01
   5.4633533e-01
   7.4909090e-01
   4.8859699e-01
   1.4753797e-01
   1.1531192e-01
   4.1608838e-01
   5.7184762e-01
   5.7453313e-01
   2.3548823e-01
   4.1071737e-01
   5.9601716e-01
   6.3898523e-01
   8.1354300e-01
   8.0280098e-01
   9.5318921e-01
   1.1895136e+00
   1.3419159e+00
   1.6735757e+00
   2.0327619e+00
   2.1025850e+00
   2.1750936e+00
   2.1294400e+00
   1.9253417e+00
   1.8474621e+00
   2.1186980e+00
   2.3657644e+00
   2.0381329e+00
   1.8340346e+00
   1.1196905e+00
   5.5842010e-01
  -6.3931475e-01
  -2.1727376e+00
  -2.3137266e+00
  -1.6034107e+00
  -6.5274227e-01
   2.9375784e-02
   3.8117683e-01
   4.5905645e-01
   1.3023048e+00
   1.7024449e+00
   2.0059068e+00
   1.9736808e+00
   1.9844228e+00
   2.2798283e+00
   2.6510992e+00
   2.7981306e+00
   2.3953049e+00
   1.1250615e+00
   5.0859817e-02
  -1.1012215e+00
  -1.2489242e+00
  -9.6963176e-01
  -1.2099844e+00
  -1.1737301e+00
  -1.2596662e+00
  -1.1482178e+00
  -9.2129269e-01
  -1.2489242e+00
  -1.1522460e+00
   1.5547421e+00
   2.1858356e+00
   9.6393123e-01
  -2.4454564e-01
  -3.3585278e-01
  -2.5528766e-01
   2.7107116e-01
   3.0329721e-01
   4.1071737e-01
   6.1750119e-01
   4.2951590e-01
   3.8453371e-01
   1.1531192e-01
   1.5895136e-01
  -1.3175447e-01
  -1.8479317e-01
  -8.0729886e-02
   7.2343850e-02
  -1.3592282e-02
  -1.2101245e-01
  -4.2178891e-01
  -5.0235404e-01
  -3.7076433e-01
  -3.8822011e-01
  -6.0843145e-01
  -5.7217715e-01
  -4.9966853e-01
  -5.6412063e-01
  -4.9161202e-01
  -4.4327295e-01
  -6.0977420e-01
  -6.5811328e-01
  -6.1514521e-01
  -5.7217715e-01
  -6.7302366e-02
   2.6570015e-01
   8.6725308e-01
   1.0888072e+00
   1.1143195e+00
   6.4704174e-01
   5.6647661e-01
   8.0280098e-01
   1.0391253e+00
   1.2331530e+00
   7.3297787e-01
  -2.7140068e-01
  -1.0750378e+00
  -6.6348429e-01
  -1.8009354e-01
   4.0534637e-01
   6.7389678e-01
   9.7467325e-01
   1.3828699e+00
   1.7158724e+00
   1.7071445e+00
   1.6245653e+00
   1.5466856e+00
   1.2391954e+00
   8.3502703e-01
   3.0195446e-01
  -1.5592400e-01
  -7.6016244e-01
  -1.2462387e+00
  -1.4959906e+00
  -1.6195238e+00
  -1.4315385e+00
  -1.0018578e+00
  -5.4532210e-01
  -1.8546455e-01
  -4.2178891e-01
  -4.7012799e-01
  -4.1977479e-01
   3.4829341e+00
   9.1827766e-01
   1.4082421e-01
  -2.3380362e-01
  -7.6016244e-01
  -4.1104690e-01
  -4.0030488e-01
  -3.6539333e-01
  -4.1104690e-01
  -4.1104690e-01
  -2.9557022e-01
  -3.1973976e-01
  -2.8482820e-01
  -2.2306161e-01
  -3.1973976e-01
  -2.6065866e-01
  -2.7811444e-01
  -2.1500509e-01
  -1.0489942e-01
  -1.6398052e-01
  -1.5323850e-01
  -2.3380362e-01
  -1.4786749e-01
  -1.3175447e-01
  -1.6398052e-01
  -9.4157407e-02
  -1.6398052e-01
  -2.0694858e-01
  -1.3108309e-01
  -1.6398052e-01
  -1.6398052e-01
  -1.3443997e-01
  -1.8412180e-01
  -2.1231959e-01
  -1.8546455e-01
  -5.0517965e-02
  -2.2843261e-01
  -2.2171885e-01
  -2.4991665e-01
  -2.8751371e-01
  -3.0899774e-01
  -2.5663041e-01
  -3.4592342e-01
  -3.4995168e-01
  -3.5733681e-01
  -3.0094123e-01
  -2.7140068e-01
  -2.7677169e-01
  -2.8214270e-01
  -2.9825572e-01
  -1.5458125e-01
  -2.0157757e-01
  -1.5323850e-01
  -2.2843261e-01
  -2.4991665e-01
  -2.1231959e-01
  -2.6065866e-01
  -1.9083556e-01
  -1.9889207e-01
  -1.5323850e-01
  -2.4320289e-01
  -2.1500509e-01
  -2.4051738e-01
  -2.9825572e-01
  -2.0560583e-01
  -2.3380362e-01
  -2.6938655e-01
  -2.8885646e-01
  -2.2843261e-01
  -3.1973976e-01
  -2.2843261e-01
  -2.2843261e-01
  -2.7140068e-01
  -2.9557022e-01
  -2.2843261e-01
  -2.6334417e-01
  -2.6065866e-01
  -2.2843261e-01
  -2.2037610e-01
  -2.6065866e-01
  -1.6935152e-01
  -1.9754932e-01
  -1.6666602e-01
  -2.5797316e-01
  -2.3380362e-01
  -2.2843261e-01
  -1.1564144e-01
  -2.2843261e-01
  -1.4921024e-01
  -1.8479317e-01
  -2.2843261e-01
  -2.1701922e-01
  -2.5797316e-01
  -1.8546455e-01
  -2.0157757e-01
  -1.9620656e-01
  -2.9288471e-01
  -2.6602967e-01
  -1.2906896e-01
  -2.2171885e-01
  -2.1231959e-01
  -2.8348545e-01
  -1.9620656e-01
  -3.1436875e-01
  -1.7740804e-01
  -2.6200142e-01
  -2.7140068e-01
  -2.2843261e-01
  -2.4186014e-01
  -2.7408619e-01
  -2.2708986e-01
  -9.9528415e-02
  -1.5860951e-01
  -2.5528766e-01
  -3.1436875e-01
  -3.1436875e-01
  -2.1903335e-01
  -1.9083556e-01
  -2.2843261e-01
  -2.4991665e-01
  -2.6468692e-01
  -2.4991665e-01
  -2.6737242e-01
  -2.6602967e-01
  -1.6398052e-01
  -1.9083556e-01
  -2.6334417e-01
  -2.4991665e-01
  -2.4253151e-01
  -2.3380362e-01
  -2.1231959e-01
  -3.0832636e-01
  -2.2843261e-01
  -1.7606528e-01
  -3.2779627e-01
  -2.7140068e-01
  -2.8751371e-01
  -3.1973976e-01
  -1.8479317e-01
  -2.7140068e-01
  -2.5260215e-01
  -3.1973976e-01
  -3.1101187e-01
  -2.5260215e-01
  -2.2843261e-01
  -2.2776124e-01
  -2.8885646e-01
  -2.3111812e-01
  -2.5998729e-01
  -2.9557022e-01
  -2.7677169e-01
  -3.3585278e-01
  -2.2171885e-01
  -2.3380362e-01
  -2.8214270e-01
  -3.1436875e-01
  -1.3175447e-01
  -2.6468692e-01
  -3.1436875e-01
  -2.4991665e-01
  -2.0627721e-01
  -2.4991665e-01
  -2.0963409e-01
  -3.1369737e-01
  -2.8482820e-01
  -3.6807883e-01
  -3.2511076e-01
  -1.9620656e-01
  -3.4592342e-01
  -3.0228398e-01
  -2.7677169e-01
  -2.2843261e-01
  -3.2913902e-01
  -3.6270782e-01
  -3.7076433e-01
  -2.2843261e-01
  -2.1231959e-01
  -2.7408619e-01
  -3.3182452e-01
  -2.3380362e-01
  -2.5260215e-01
  -4.0030488e-01
  -2.4588839e-01
  -3.2511076e-01
  -2.5528766e-01
  -2.9825572e-01
  -2.0694858e-01
  -2.5528766e-01
  -3.1436875e-01
  -3.5867957e-01
  -3.5196581e-01
  -3.2242526e-01
  -2.2306161e-01
  -2.2306161e-01
  -2.5528766e-01
  -2.1231959e-01
  -2.2507573e-01
  -3.8956286e-01
  -3.0362673e-01
  -3.3249590e-01
  -1.8546455e-01
  -2.4991665e-01
  -2.9825572e-01
  -3.0295535e-01
  -2.7878582e-01
  -2.2843261e-01
  -3.0496948e-01
  -1.9754932e-01
  -2.5663041e-01
  -2.8482820e-01
  -2.5260215e-01
  -1.6398052e-01
  -2.6200142e-01
  -2.8348545e-01
  -2.8751371e-01
  -2.7811444e-01
  -2.2843261e-01
  -2.9557022e-01
  -2.8684233e-01
  -2.2574711e-01
  -2.2843261e-01
  -2.6804380e-01
  -2.1903335e-01
  -2.7408619e-01
  -2.9288471e-01
  -3.4458067e-01
  -2.4991665e-01
  -3.1436875e-01
  -2.7677169e-01
  -3.1436875e-01
  -2.4991665e-01
  -2.2843261e-01
  -3.1436875e-01
  -3.7814947e-01
  -2.9825572e-01
  -2.6670105e-01
  -3.8419186e-01
  -3.1705425e-01
  -2.4991665e-01
  -2.2037610e-01
  -2.7140068e-01
  -1.7606528e-01
  -2.2843261e-01
  -3.1436875e-01
  -1.8009354e-01
  -2.7140068e-01
  -2.5528766e-01
  -2.0493445e-01
  -2.7677169e-01
  -2.6737242e-01
  -2.4991665e-01
  -1.9352106e-01
  -2.8214270e-01
  -1.8546455e-01
  -3.1436875e-01
  -3.0832636e-01
  -3.1436875e-01
  -3.0094123e-01
  -2.9959847e-01
  -2.0292033e-01
  -2.8348545e-01
  -2.6737242e-01
  -2.9288471e-01
  -2.7140068e-01
  -2.2843261e-01
  -2.4991665e-01
  -2.8214270e-01
  -3.1436875e-01
  -2.2843261e-01
  -2.3917463e-01
  -1.6398052e-01
  -1.6398052e-01
  -1.4249648e-01
  -2.2440436e-01
  -2.6200142e-01
  -2.5797316e-01
  -3.3249590e-01
  -1.8546455e-01
  -2.6804380e-01
  -2.5260215e-01
  -2.8751371e-01
  -2.2037610e-01
  -2.9825572e-01
  -1.9620656e-01
  -2.2843261e-01
  -3.2511076e-01
  -2.6334417e-01
  -2.8482820e-01
  -1.8412180e-01
  -2.3917463e-01
  -2.2843261e-01
  -2.7140068e-01
  -2.4991665e-01
  -2.2843261e-01
  -2.5528766e-01
  -2.2843261e-01
  -2.3514638e-01
  -1.9754932e-01
  -3.3585278e-01
  -1.7606528e-01
  -2.2306161e-01
  -1.5323850e-01
  -2.4051738e-01
  -2.5260215e-01
  -1.7472253e-01
  -2.7140068e-01
  -2.1500509e-01
  -2.7408619e-01
  -2.4454564e-01
  -1.4182511e-01
  -3.6539333e-01
  -2.7140068e-01
  -1.8546455e-01
  -2.1231959e-01
  -2.2843261e-01
  -2.2843261e-01
  -2.7140068e-01
  -2.4991665e-01
  -2.3917463e-01
  -2.3917463e-01
  -2.2843261e-01
  -2.0157757e-01
