  -1.0569423e+00
  -9.0092768e-01
  -6.6900428e-01
  -5.3407833e-01
  -5.6359554e-01
  -4.2443804e-01
  -4.7925818e-01
  -2.8106626e-01
   7.7351082e-02
   2.0806621e-01
   1.0686829e-01
   7.3135078e-02
   3.3456360e-01
   7.2671589e-01
   1.3803088e+00
   1.4773063e+00
   1.4309147e+00
   1.2622400e+00
   3.0083212e-01
  -5.5514971e-01
  -9.7260493e-01
  -1.1876540e+00
  -1.2298313e+00
  -1.2466884e+00
  -1.0948880e+00
  -7.7443029e-01
  -5.3829260e-01
  -4.4552670e-01
  -4.2865232e-01
  -3.6961790e-01
   5.8336139e-01
   3.0839303e+00
   3.0248613e+00
   6.9298440e-01
  -2.4312050e-01
  -8.1237605e-01
  -9.8103349e-01
  -1.2256170e+00
  -1.1876540e+00
  -9.8947931e-01
  -8.4189326e-01
  -7.9971595e-01
  -7.2382442e-01
  -5.0877539e-01
   6.0443277e-01
   1.1484027e+00
   3.8095519e-01
  -4.4129515e-01
  -9.9790787e-01
  -9.6839065e-01
  -9.1778479e-01
  -6.8164711e-01
  -4.2865232e-01
  -3.0215492e-01
   1.4101002e-02
   7.7351082e-02
   1.4509175e-03
  -4.9149768e-02
   1.6965696e+00
   4.4837956e+00
   2.6664750e+00
   5.3696980e-01
  -1.5456887e-01
  -9.5996210e-01
  -1.1581367e+00
  -1.2635628e+00
  -1.0147822e+00
  -8.7983902e-01
  -5.5936399e-01
  -5.0877539e-01
  -4.6659808e-01
  -5.9311275e-01
  -5.7623837e-01
  -4.6659808e-01
  -4.2022376e-01
  -4.3286659e-01
  -3.1058347e-01
  -2.8949482e-01
  -2.3046040e-01
  -2.0517474e-01
  -2.3046040e-01
  -1.1198822e-02
   2.9661784e-01
   7.3516172e-01
   1.4056117e+00
   1.2411686e+00
   7.1407306e-01
   2.5867207e-01
  -4.0334938e-01
  -8.0394750e-01
  -3.5276079e-01
   7.3135078e-02
   3.5143798e-01
   6.3394998e-01
   6.3394998e-01
   6.0443277e-01
   3.3879515e-01
   1.6168498e-01
   3.2613505e-01
   3.3034933e-01
   3.5986654e-01
   5.7491556e-01
   8.1949907e-01
   1.1399568e+00
   1.8778525e+00
   1.6333209e+00
   4.5263244e-01
  -1.6299742e-01
  -6.1839841e-01
  -7.4491308e-01
  -6.9430721e-01
  -5.0877539e-01
  -5.0456112e-01
  -5.0877539e-01
  -4.7504391e-01
  -3.7383217e-01
  -2.6420916e-01
  -2.3046040e-01
  -3.6118934e-01
  -6.9430721e-01
  -1.1201910e+00
  -4.8347246e-01
   2.5778716e+00
   3.2357479e+00
   1.4098260e+00
   5.1588114e-01
  -1.1661620e-01
  -2.0938901e-01
  -8.3346471e-01
  -9.9369359e-01
  -7.7443029e-01
  -4.7081236e-01
  -4.2443804e-01
  -3.5276079e-01
  -6.1839841e-01
  -8.2080460e-01
  -1.1412796e+00
  -1.0569423e+00
   6.3818153e-01
   1.5110377e+00
   9.4599647e-01
   5.6648701e-01
  -3.0215492e-01
  -4.1600948e-01
  -6.1839841e-01
  -6.2684423e-01
  -7.5755591e-01
  -7.9128739e-01
  -7.0273576e-01
  -5.0456112e-01
  -3.8227800e-01
  -2.4312050e-01
  -2.5154905e-01
  -7.8666978e-02
   1.1951803e-01
  -5.7583503e-02
  -3.7804645e-01
   1.2795177e-01
   2.9277947e+00
   3.7965576e+00
   1.7260868e+00
   9.5442502e-01
   3.6408081e-01
   2.6751087e-02
  -5.4672116e-01
  -5.7623837e-01
  -5.0877539e-01
  -5.2984678e-01
  -4.1177794e-01
  -2.0094319e-01
  -2.5154905e-01
  -3.4010068e-01
  -3.8227800e-01
  -5.7202409e-01
  -8.8826758e-01
  -7.8285884e-01
   9.6285357e-01
   2.7042999e+00
   2.2447019e+00
   9.0805070e-01
   1.1530203e-01
  -3.6500028e-02
  -3.6961790e-01
  -3.9913511e-01
  -3.3167213e-01
  -7.8666978e-02
   6.4701342e-02
  -2.8066293e-02
  -7.4449247e-02
  -1.8830036e-01
  -2.4312050e-01
  -3.2745785e-01
  -5.5514971e-01
  -7.4491308e-01
  -5.9732702e-01
   1.4182718e+00
   2.8856520e+00
   1.3803088e+00
   8.2371335e-01
   1.1108602e-01
  -2.7650866e-03
  -3.3167213e-01
  -3.5276079e-01
  -2.8528054e-01
  -2.3469195e-01
  -2.9372637e-01
  -2.2624612e-01
  -1.5878315e-01
  -1.7565753e-01
  -2.6842343e-01
  -3.3588641e-01
  -4.5816953e-01
  -6.9430721e-01
   2.7552918e-01
   2.4514433e+00
   2.6326226e+00
   1.0598510e+00
   1.2795177e-01
  -1.5456887e-01
  -1.5035459e-01
  -4.3286659e-01
  -3.8649227e-01
  -3.5276079e-01
  -2.0938901e-01
  -2.4733478e-01
  -4.5395525e-01
  -6.8164711e-01
  -8.7141047e-01
  -9.7260493e-01
  -1.1370654e+00
  -1.2171712e+00
   3.7252664e-01
   2.8815068e+00
   1.5531978e+00
   2.2072631e-01
  -4.3286659e-01
  -6.3948706e-01
  -3.1058347e-01
  -1.7565753e-01
  -1.9632557e-02
   4.3617867e-02
   2.6288635e-01
   2.1228048e-01
   2.3758342e-01
   5.2051603e-02
  -1.6721170e-01
  -3.6118934e-01
  -5.5093543e-01
  -8.4189326e-01
  -5.3407833e-01
   2.5947978e+00
   4.3024435e+00
  -1.2972942e+00
  -1.5123433e+00
  -2.0605965e+00
  -1.4153631e+00
  -9.2201634e-01
  -7.3225297e-01
  -4.4129515e-01
  -3.1058347e-01
  -1.7142598e-01
  -1.7565753e-01
  -1.5035459e-01
  -3.4852924e-01
  -5.0456112e-01
  -5.8888120e-01
  -5.7202409e-01
  -7.7443029e-01
  -7.1539586e-01
   1.3216950e-01
   1.6080179e+00
   1.1863484e+00
   9.8434557e-02
  -8.1659033e-01
  -1.1539225e+00
  -9.1357051e-01
  -3.6540362e-01
  -3.2282297e-02
   9.4218552e-02
   2.0806621e-01
   3.1349222e-01
   3.5565226e-01
   2.5445780e-01
   1.2795177e-01
  -2.0938901e-01
  -5.8045264e-01
  -2.9794064e-01
   3.2229668e+00
   4.6356132e+00
  -3.9070655e-01
  -6.0996985e-01
  -1.1834397e+00
  -1.0400679e+00
  -1.1412796e+00
  -1.0948880e+00
  -9.5574782e-01
  -6.5636144e-01
  -3.2745785e-01
  -7.0233243e-02
   1.2795177e-01
   1.3216950e-01
   1.9542338e-01
   4.7833871e-02
  -2.9794064e-01
  -6.7321855e-01
  -8.3767898e-01
   1.4481924e-01
   1.6333209e+00
   1.1146539e+00
   2.8397501e-01
  -5.7623837e-01
  -7.5755591e-01
  -7.9971595e-01
  -5.7202409e-01
  -3.9492083e-01
  -1.9251463e-01
  -4.9149768e-02
   1.1530203e-01
   2.7976073e-01
   2.2072631e-01
   1.2795177e-01
   6.0485338e-02
  -1.2083393e-01
  -2.8949482e-01
  -5.0456112e-01
  -5.8466692e-01
   1.1736883e+00
   3.6614935e+00
   1.0935825e+00
  -7.1961014e-01
  -6.8587865e-01
  -7.7443029e-01
  -3.1058347e-01
  -3.2745785e-01
  -1.2926766e-01
  -1.7565753e-01
   5.2051603e-02
   1.4903524e-01
   2.5867207e-01
   2.7976073e-01
   3.5565226e-01
   2.1228048e-01
   5.6267607e-02
  -2.6842343e-01
  -6.0575558e-01
  -9.8947931e-01
  -8.5453609e-01
   1.0767081e+00
   2.3585219e+00
   9.5021074e-01
  -1.3348367e-01
  -4.3286659e-01
  -4.0334938e-01
  -3.9070655e-01
  -2.0938901e-01
  -2.8066293e-02
   1.1530203e-01
   1.9120219e-01
   2.0385193e-01
   2.3336914e-01
   2.2494059e-01
   1.3216950e-01
   5.6267607e-02
  -1.9251463e-01
  -4.5816953e-01
  -7.9128739e-01
   1.4435575e+00
   4.3573673e+00
   1.1652598e+00
  -1.7142598e-01
  -5.0456112e-01
  -6.8587865e-01
  -4.7081236e-01
  -4.6659808e-01
  -3.1901203e-01
  -4.2865232e-01
  -3.8649227e-01
  -4.4129515e-01
  -3.6540362e-01
  -4.8347246e-01
  -5.0877539e-01
  -5.3407833e-01
  -5.8466692e-01
  -7.6598446e-01
  -9.5996210e-01
  -6.3105851e-01
   2.4301992e+00
   3.5645996e+00
   6.6346719e-01
   1.4509175e-03
  -3.5276079e-01
  -1.9672891e-01
  -2.6420916e-01
  -3.4431496e-01
  -3.4852924e-01
  -3.2745785e-01
  -2.3469195e-01
  -1.2926766e-01
  -3.6500028e-02
  -1.4191740e-01
  -3.4431496e-01
  -4.3286659e-01
  -5.5093543e-01
  -7.4912735e-01
  -8.5875037e-01
  -1.1454939e+00
  -2.0517474e-01
   2.6621571e+00
   3.2314299e+00
   7.0985878e-01
  -4.6659808e-01
  -4.1600948e-01
  -5.4250688e-01
  -5.6359554e-01
  -5.0456112e-01
  -2.2624612e-01
  -1.6299742e-01
  -4.0716032e-02
   1.1530203e-01
   1.5746898e-01
   1.1108602e-01
  -2.3848561e-02
  -8.7100713e-02
  -1.8408608e-01
  -5.2563250e-01
  -9.2623061e-01
  -6.0154130e-01
   1.2706858e+00
   2.1984139e+00
   1.3676660e+00
   8.5784817e-02
  -6.9852149e-01
  -8.5875037e-01
  -7.2803870e-01
  -5.7623837e-01
  -5.1298967e-01
  -4.7504391e-01
  -3.5697506e-01
  -1.7142598e-01
  -1.0818419e-01
  -1.1198822e-02
  -1.5456887e-01
  -2.8106626e-01
  -4.2865232e-01
  -4.3708087e-01
  -5.3407833e-01
  -6.8164711e-01
   4.9059548e-01
   3.1471444e+00
   1.3971832e+00
  -2.9372637e-01
  -7.8666978e-02
  -5.5093543e-01
  -3.3167213e-01
  -3.8649227e-01
   7.3135078e-02
   1.1108602e-01
   3.5143798e-01
   3.1770650e-01
   4.2734678e-01
   2.2072631e-01
   3.0504639e-01
   2.7131491e-01
   2.1228048e-01
   1.4903524e-01
   5.6267607e-02
  -2.6842343e-01
  -5.4672116e-01
  -8.0816177e-01
  -3.2324358e-01
   2.6030882e+00
   3.6532031e+00
   1.1357426e+00
   2.5445780e-01
  -1.0274251e+00
  -1.0442995e+00
  -1.1286195e+00
  -1.0948880e+00
  -1.2213854e+00
  -9.9790787e-01
  -7.9128739e-01
  -6.9009293e-01
  -7.4912735e-01
  -6.7743283e-01
  -5.7202409e-01
  -2.3890622e-01
  -1.9672891e-01
  -4.5816953e-01
  -7.4912735e-01
  -7.3646725e-01
   3.6408081e-01
   2.2320936e+00
   1.8693895e+00
   8.1949907e-01
  -6.0575558e-01
  -9.7260493e-01
  -8.9249913e-01
  -7.3225297e-01
  -6.8164711e-01
  -3.7383217e-01
  -2.4733478e-01
  -1.9251463e-01
   5.6676125e-03
  -2.8066293e-02
   3.5184477e-02
  -9.9750453e-02
  -3.2282297e-02
   1.7011872e-01
   3.9401172e-02
  -1.9672891e-01
  -4.3286659e-01
   4.6107827e-01
   3.7079541e+00
   2.3669850e+00
  -4.9611529e-01
  -3.4852924e-01
  -1.3942744e+00
  -1.1454939e+00
  -1.5587349e+00
  -7.4912735e-01
  -2.9372637e-01
   3.5986654e-01
   4.1047240e-01
   5.0323831e-01
   3.7674092e-01
   4.8214965e-01
   3.2613505e-01
   1.3638550e-01
  -9.1316717e-02
  -2.3469195e-01
  -4.6238380e-01
  -6.0154130e-01
   1.9120219e-01
   1.7766408e+00
   1.7176582e+00
   7.2671589e-01
  -3.7383217e-01
  -4.3708087e-01
  -5.2984678e-01
  -3.3167213e-01
  -3.1901203e-01
  -1.8830036e-01
  -4.4933764e-02
   1.8698619e-01
   2.2072631e-01
   2.7552918e-01
   3.2192077e-01
   3.1770650e-01
   2.2072631e-01
  -1.9672891e-01
  -5.8466692e-01
  -6.6479000e-01
   9.9237078e-01
   3.5266020e+00
   2.3502315e+00
   6.5082436e-01
  -3.8227800e-01
  -9.5996210e-01
  -7.7864456e-01
  -5.8045264e-01
  -2.3469195e-01
  -2.6842343e-01
  -2.0517474e-01
  -4.2865232e-01
  -2.5576333e-01
   4.7833871e-02
   2.1228048e-01
   1.5746898e-01
   1.7011872e-01
   1.0686829e-01
  -1.3348367e-01
  -4.5816953e-01
  -3.6118934e-01
   1.2453828e+00
   3.5687448e+00
   1.7598873e+00
   3.2613505e-01
  -4.0756366e-01
  -8.1659033e-01
  -8.0394750e-01
  -7.8707312e-01
  -6.2684423e-01
  -6.6479000e-01
  -5.9732702e-01
  -5.3829260e-01
  -3.3167213e-01
  -2.7263771e-01
  -1.5878315e-01
  -3.0636920e-01
  -3.9492083e-01
  -3.5697506e-01
  -4.0756366e-01
  -5.8888120e-01
  -8.8826758e-01
  -9.7260493e-01
   3.1349222e-01
   3.0037899e+00
   3.0670041e+00
   4.8636393e-01
  -3.3588641e-01
  -5.2141822e-01
  -5.1720395e-01
  -3.3167213e-01
  -1.8830036e-01
   2.6751087e-02
   1.3638550e-01
   3.0504639e-01
   3.3879515e-01
   3.3456360e-01
   2.9661784e-01
   3.4300943e-01
   1.8698619e-01
   1.4903524e-01
   8.1568813e-02
   6.8917346e-02
  -5.7583503e-02
   1.1530203e-01
   9.2490781e-01
   2.9151865e+00
   3.3537131e+00
   1.4140403e+00
  -7.5755591e-01
  -1.6683579e+00
  -1.5755920e+00
  -1.0358536e+00
  -4.6659808e-01
  -2.0517474e-01
  -2.3890622e-01
  -2.5154905e-01
  -1.5878315e-01
  -9.9750453e-02
  -1.5416553e-02
   1.8317697e-02
  -5.7583503e-02
  -2.5997761e-01
  -4.5816953e-01
  -6.6479000e-01
  -8.6719619e-01
  -8.2882982e-02
   1.9706012e+00
   2.1056653e+00
   1.5363234e+00
   5.3696980e-01
  -7.9128739e-01
  -1.1876540e+00
  -1.4490946e+00
  -1.3984887e+00
  -1.3900602e+00
  -1.1750111e+00
  -9.3044489e-01
  -6.1839841e-01
  -4.3286659e-01
  -4.3708087e-01
  -2.8106626e-01
  -6.6017238e-02
   4.7833871e-02
   8.5784817e-02
   8.1568813e-02
   1.4101002e-02
   1.4903524e-01
   1.4098260e+00
   2.7592237e+00
   1.8317697e-02
  -1.1075482e+00
  -1.2677770e+00
  -1.4069345e+00
  -9.3044489e-01
  -7.9971595e-01
  -3.6118934e-01
  -3.1479775e-01
  -2.3848561e-02
   9.0002548e-02
   2.4179770e-01
   1.7433645e-01
   2.4601197e-01
   1.5325297e-01
   8.5784817e-02
  -2.2203184e-01
  -5.7202409e-01
  -8.8405330e-01
  -1.0316394e+00
   4.1468668e-01
   3.0880754e+00
   2.2279484e+00
  -6.9828179e-03
  -8.5875037e-01
  -9.0092768e-01
  -9.6417638e-01
  -9.0514196e-01
  -7.0273576e-01
  -4.6659808e-01
  -1.8408608e-01
   5.6267607e-02
   9.0002548e-02
   1.7855245e-01
   2.8818928e-01
   2.3758342e-01
   1.6168498e-01
   1.4903524e-01
   7.3135078e-02
  -1.2926766e-01
  -3.0636920e-01
  -3.1479775e-01
   9.2912209e-01
   2.7970485e+00
   2.2657733e+00
   1.3212744e+00
   4.7833871e-02
  -6.1418413e-01
  -9.5574782e-01
  -1.2677770e+00
  -1.4322375e+00
  -1.3352400e+00
  -1.3057228e+00
  -1.3647572e+00
  -1.3521144e+00
  -9.7681921e-01
  -5.6780981e-01
  -2.9372637e-01
  -5.3365772e-02
  -7.0233243e-02
   2.2534392e-02
   3.9401172e-02
  -1.4191740e-01
  -1.7142598e-01
   1.0387624e+00
   3.5982793e+00
   2.1267367e+00
  -7.5755591e-01
  -4.6659808e-01
  -1.1117624e+00
  -8.0394750e-01
  -8.7562475e-01
  -3.4010068e-01
  -1.5035459e-01
   1.6590271e-01
   1.6590271e-01
   1.9542338e-01
   7.7351082e-02
   6.8917346e-02
  -1.5878315e-01
  -4.2865232e-01
  -6.2262996e-01
  -7.0695004e-01
  -9.1357051e-01
  -9.4730200e-01
   7.3135078e-02
   2.1984139e+00
   2.5778716e+00
   9.5863930e-01
  -3.6500028e-02
  -3.1058347e-01
  -5.0877539e-01
  -5.3407833e-01
  -6.2684423e-01
  -5.4250688e-01
  -3.0215492e-01
  -1.5878315e-01
   3.0967782e-02
   8.5784817e-02
  -1.2504993e-01
  -2.8949482e-01
  -4.9190101e-01
  -5.9311275e-01
  -3.8649227e-01
   2.0806621e-01
   2.5314109e+00
   2.8476544e+00
  -1.9632557e-02
  -1.5416553e-02
  -6.8164711e-01
  -6.1418413e-01
  -7.1539586e-01
  -6.6479000e-01
  -5.0032957e-01
  -4.5395525e-01
  -3.0215492e-01
  -2.0517474e-01
   3.9401172e-02
   2.7976073e-01
   2.9661784e-01
   3.8516947e-01
   4.8636393e-01
   4.3577534e-01
   1.8276846e-01
  -1.9632557e-02
   2.6288635e-01
   2.2447019e+00
   3.0670041e+00
   8.1949907e-01
  -1.4613341e-01
  -7.9128739e-01
  -8.7141047e-01
  -1.2972942e+00
  -1.2930800e+00
  -1.0738167e+00
  -6.4791562e-01
  -3.9070655e-01
  -1.7565753e-01
  -8.2882982e-02
  -1.0818419e-01
  -1.2083393e-01
  -1.8408608e-01
  -2.5997761e-01
  -3.5697506e-01
  -4.9190101e-01
  -7.0273576e-01
  -6.7743283e-01
   1.3507916e+00
   3.4127820e+00
   1.7260868e+00
   3.0927794e-01
  -1.3769967e-01
  -3.3167213e-01
  -3.1058347e-01
  -2.9794064e-01
  -3.2282297e-02
   7.7351082e-02
   1.1108602e-01
   1.3638550e-01
   1.7855245e-01
   9.0002548e-02
  -1.9632557e-02
  -2.7685199e-01
  -6.1839841e-01
  -8.0394750e-01
  -7.1539586e-01
  -2.9794064e-01
   1.9579929e+00
   3.0163982e+00
   1.0767081e+00
   6.4701342e-02
  -1.1665826e+00
  -9.4308772e-01
  -8.2501888e-01
  -6.7321855e-01
  -6.0575558e-01
  -4.2443804e-01
  -2.2624612e-01
  -5.3365772e-02
   5.6267607e-02
   1.3638550e-01
   2.5024352e-01
   2.7552918e-01
   1.7433645e-01
   7.3135078e-02
  -3.1479775e-01
  -7.9128739e-01
  -2.4733478e-01
   2.4808050e+00
   3.0543958e+00
   1.1146539e+00
  -1.9672891e-01
  -9.6417638e-01
  -8.1659033e-01
  -8.0816177e-01
  -7.4912735e-01
  -7.1539586e-01
  -3.9492083e-01
  -1.6299742e-01
   1.4509175e-03
   7.7351082e-02
   1.9963765e-01
   2.7552918e-01
   4.5684672e-01
   5.0745259e-01
   3.4722371e-01
   6.8917346e-02
  -2.0517474e-01
  -1.1198822e-02
   2.4681968e+00
   2.6074061e+00
  -1.1661620e-01
  -5.5093543e-01
  -1.4997004e+00
  -1.0021221e+00
  -9.0935623e-01
  -7.2382442e-01
  -9.3044489e-01
  -6.6900428e-01
  -6.2262996e-01
  -3.7383217e-01
  -1.8830036e-01
  -1.1661620e-01
  -2.4312050e-01
  -2.4312050e-01
  -5.7583503e-02
  -1.2926766e-01
  -3.1058347e-01
  -6.9430721e-01
  -9.9369359e-01
  -7.7864456e-01
   1.0640653e+00
   2.5018764e+00
   1.6965696e+00
   1.8276846e-01
  -1.0316394e+00
  -1.4870403e+00
  -1.6852323e+00
  -1.2635628e+00
  -8.6298192e-01
  -4.0756366e-01
  -1.8830036e-01
  -9.1316717e-02
   8.5784817e-02
   3.4722371e-01
   3.8938375e-01
   4.1468668e-01
   4.1890096e-01
   3.5986654e-01
   1.9542338e-01
  -9.9750453e-02
  -4.9149768e-02
   1.7007838e+00
   3.2735727e+00
   1.7303010e+00
   7.2671589e-01
  -2.1360329e-01
  -6.3948706e-01
  -1.1244053e+00
  -1.2256170e+00
  -9.1778479e-01
  -6.1839841e-01
  -4.3286659e-01
  -1.4191740e-01
   4.3617867e-02
   1.3638550e-01
   8.5784817e-02
  -3.6500028e-02
  -8.2882982e-02
  -1.7142598e-01
  -1.8408608e-01
  -4.4974097e-01
  -7.7864456e-01
  -6.9430721e-01
   1.5995894e+00
   3.5435282e+00
   1.7555694e+00
   1.4481924e-01
  -9.2201634e-01
  -1.1539225e+00
  -1.1201910e+00
  -6.7743283e-01
  -3.4431496e-01
   2.2534392e-02
   1.6590271e-01
   3.7252664e-01
   4.6950682e-01
   5.1588114e-01
   5.2011269e-01
   4.9902403e-01
   4.0625813e-01
   1.8698619e-01
   5.6267607e-02
  -1.1661620e-01
  -3.8227800e-01
  -3.6961790e-01
   9.3333636e-01
   2.6960095e+00
   2.1604164e+00
   1.9120219e-01
  -9.2623061e-01
  -1.0232108e+00
  -1.0147822e+00
  -7.5755591e-01
  -6.1839841e-01
  -4.8347246e-01
  -3.5697506e-01
  -2.5154905e-01
  -3.0636920e-01
  -3.2324358e-01
  -2.3890622e-01
  -3.2324358e-01
  -4.5395525e-01
  -6.0154130e-01
  -7.7443029e-01
  -9.7681921e-01
  -4.5395525e-01
   1.5953578e+00
   2.0170619e+00
   6.0021850e-01
  -2.3469195e-01
  -5.9732702e-01
  -6.2684423e-01
  -7.9128739e-01
  -7.5755591e-01
  -7.6177018e-01
  -7.1961014e-01
  -5.6780981e-01
  -3.0215492e-01
  -2.6420916e-01
  -2.0094319e-01
  -1.8408608e-01
  -1.8408608e-01
  -2.9794064e-01
  -5.6780981e-01
  -7.2382442e-01
  -6.2262996e-01
   2.7131491e-01
   2.9025782e+00
   3.3638690e-01
   7.2931438e-01
   1.0224581e+00
   7.7920629e-01
   5.2351347e-01
   4.9232145e-01
   4.7985486e-01
   8.3535703e-01
   1.1222419e+00
   6.6695589e-01
  -2.4363139e-01
  -5.2429315e-01
  -5.1182656e-01
  -3.5589201e-01
  -4.6816795e-01
  -4.4320923e-01
  -3.9331732e-01
  -6.4280239e-01
  -2.8730022e-01
  -2.6234149e-01
  -3.5589201e-01
  -1.4384247e-01
  -1.9373693e-01
  -2.2492129e-01
  -5.6525256e-02
   2.6779511e-01
   5.9210526e-01
   1.0162248e+00
   7.9169842e-01
   9.3160674e-02
  -4.0578391e-01
  -6.1784366e-01
  -3.6835860e-01
  -1.6255258e-01
  -1.9373693e-01
  -3.1223340e-01
  -1.9373693e-01
  -3.2469999e-01
  -4.0578391e-01
  -2.9353351e-01
   1.9918800e-01
   8.6652351e-01
   1.2345178e+00
   1.1596672e+00
   8.3535703e-01
   1.2434503e-01
  -3.1223340e-01
  -2.7480808e-01
  -1.9104029e-02
  -7.5235359e-02
  -2.1868544e-01
  -2.4363139e-01
  -2.6857479e-01
  -2.9976681e-01
  -2.1244704e-01
   5.0478804e-01
   1.1846259e+00
   1.5775278e+00
   9.6633286e-01
   1.7423949e-01
  -8.1117798e-01
  -1.0107711e+00
  -9.1722063e-01
  -7.8624481e-01
  -7.5505279e-01
  -7.3635290e-01
  -4.6193466e-01
  -2.9353351e-01
  -1.5631673e-01
  -6.2761106e-02
  -1.1265812e-01
   1.3058088e-01
   4.3619625e-01
   6.0459740e-01
   1.6211865e+00
   2.7313771e+00
   2.6378777e+00
   1.0973087e+00
  -1.2867158e-02
  -5.4299303e-01
  -7.7377822e-01
  -5.3052645e-01
  -5.3052645e-01
  -2.3739554e-01
   1.8317198e-02
   5.5737914e-02
   1.0563493e-01
   1.8317198e-02
  -7.5235359e-02
  -2.3739554e-01
   5.5737914e-02
   9.4760743e-01
   2.1326232e+00
   2.7811924e+00
   1.4590442e+00
  -6.2761106e-02
  -6.1784366e-01
  -7.9871140e-01
  -9.4841265e-01
  -8.2990342e-01
  -4.7440125e-01
  -3.0600010e-01
  -6.2761106e-02
  -6.8999509e-02
  -3.1576750e-02
   2.4284405e-01
   4.1747082e-01
   3.9253764e-01
   6.1706399e-01
   1.5837867e+00
   3.3112779e+00
   2.8435253e+00
   2.5531830e-01
  -7.7377822e-01
  -1.2664895e+00
  -1.0481965e+00
  -8.4860330e-01
  -6.2407696e-01
  -5.8041835e-01
  -5.4299303e-01
  -4.2450934e-01
  -2.8730022e-01
  -2.0621119e-01
  -2.6234149e-01
  -4.6193466e-01
  -6.1784366e-01
  -3.4342542e-01
   1.8457128e+00
   4.5776075e+00
   1.6149532e+00
  -1.1542136e+00
  -1.2976560e+00
  -1.1854056e+00
  -4.7440125e-01
  -1.7502683e-01
   1.2434503e-01
   1.4929098e-01
   4.2996296e-01
   1.6800364e-01
  -2.5340900e-02
   4.3263661e-02
  -1.3136822e-01
  -5.5548517e-01
  -9.6711254e-01
  -1.3725066e+00
  -3.2469999e-01
   2.4943586e+00
   1.9829475e+00
  -8.7356202e-01
  -1.2415308e+00
  -1.3849732e+00
  -1.1729390e+00
  -8.9849520e-01
  -3.9331732e-01
  -8.1473763e-02
   6.8212168e-02
   8.0686421e-02
   3.0790941e-02
  -1.3136822e-01
  -1.6878843e-01
  -2.5610820e-01
  -7.5505279e-01
  -1.0918551e+00
   8.2912374e-01
   3.1618321e+00
   1.9579887e+00
  -2.0621119e-01
  -1.0170044e+00
  -1.3912320e+00
  -1.3288480e+00
  -9.8581242e-01
  -7.1139418e-01
  -2.8730022e-01
   5.5737914e-02
   3.1768702e-01
   3.2392031e-01
   2.2413395e-01
  -1.2513237e-01
  -4.5567582e-01
  -5.8041835e-01
  -6.5526898e-01
  -9.1722063e-01
  -9.4841265e-01
   1.0099915e+00
   3.2990157e+00
   2.3134909e+00
   7.9793172e-01
  -2.5610820e-01
  -6.6150227e-01
  -1.1729390e+00
  -1.1355137e+00
  -8.2990342e-01
  -6.1161037e-01
  -2.3739554e-01
  -9.3948016e-02
   2.3660820e-01
   3.4887904e-01
   2.8649500e-01
  -1.6878843e-01
  -2.8730022e-01
  -4.6193466e-01
  -6.4280239e-01
  -1.2789561e+00
  -1.0980884e+00
   8.9148223e-01
   2.4444667e+00
   1.7334624e+00
   5.5467995e-01
  -9.7334583e-01
  -1.3662733e+00
  -1.1791723e+00
  -1.0731296e+00
  -6.5526898e-01
  -4.1827605e-01
  -1.9373693e-01
   6.1976318e-02
   3.3638690e-01
   5.6717208e-01
   5.9833856e-01
   2.1789810e-01
   6.8212168e-02
  -2.9353351e-01
  -7.2386077e-01
  -1.0856218e+00
  -1.3350813e+00
   3.0790941e-02
   1.9267967e+00
   1.4216188e+00
   1.8047534e-01
  -3.4965871e-01
  -1.2165976e+00
  -1.8340259e+00
  -1.6406916e+00
  -1.2976560e+00
  -8.4860330e-01
  -5.1805986e-01
  -3.1223340e-01
   6.1976318e-02
   5.2974677e-01
   6.5448930e-01
   7.9793172e-01
   5.9210526e-01
   1.2434503e-01
  -4.3074264e-01
  -7.9247810e-01
  -8.7356202e-01
   1.1187078e-01
   2.3571495e+00
   2.0889646e+00
   1.5214026e+00
   8.1039831e-01
  -4.5567582e-01
  -8.4860330e-01
  -1.4223985e+00
  -1.0481965e+00
  -6.3654355e-01
  -3.6835860e-01
  -2.3739554e-01
   1.1810663e-01
   2.1789810e-01
   3.4887904e-01
   4.1747082e-01
   3.0522043e-01
  -3.7815154e-02
  -3.7461744e-01
  -6.3031025e-01
  -8.4237000e-01
  -9.3592052e-01
  -2.1868544e-01
   9.5384072e-01
   1.3280683e+00
   1.3093429e+00
   5.4844665e-01
  -4.4320923e-01
  -9.4841265e-01
  -9.0475404e-01
  -6.7396886e-01
  -5.1805986e-01
  -4.8063454e-01
  -1.8126268e-01
   7.4448017e-02
   4.2996296e-01
   6.6695589e-01
   8.4159033e-01
   7.6050640e-01
   3.3638690e-01
   1.3681928e-01
  -1.9373693e-01
  -6.6773557e-01
  -5.4925188e-01
   1.1222419e+00
   2.7500259e+00
   1.8519716e+00
   3.4264574e-01
  -4.2450934e-01
  -1.2290642e+00
  -1.4535905e+00
  -1.5159490e+00
  -1.3600400e+00
  -8.3613671e-01
  -1.3136822e-01
   3.6757892e-01
   7.6673970e-01
   9.9749933e-01
   1.0536501e+00
   9.7256615e-01
   7.1684779e-01
   4.2996296e-01
   1.0563493e-01
  -2.3115714e-01
  -6.7396886e-01
  -1.1167882e+00
  -6.1161037e-01
   6.6695589e-01
   1.8582049e+00
   1.9267967e+00
   3.9253764e-01
  -1.2914227e+00
  -1.6032662e+00
  -2.2020202e+00
  -2.5200970e+00
  -2.3142706e+00
  -2.0149192e+00
  -1.4535905e+00
  -8.9849520e-01
  -2.2492129e-01
   2.3037235e-01
   3.7381221e-01
   4.8608816e-01
   7.9169842e-01
   7.6050640e-01
   6.6695589e-01
   5.1728018e-01
   3.3638690e-01
   6.1976318e-02
   1.3058088e-01
   9.1644096e-01
   2.1201566e+00
   2.1825151e+00
   8.2912374e-01
  -4.0578391e-01
  -1.0170044e+00
  -1.3600400e+00
  -1.6094995e+00
  -1.3163814e+00
  -7.8001151e-01
  -4.9933443e-01
  -1.3136822e-01
  -7.5235359e-02
   6.1976318e-02
   1.0563493e-01
   2.1165969e-01
   3.8004551e-01
   3.0522043e-01
   1.4929098e-01
  -7.5235359e-02
  -1.2513237e-01
  -8.1473763e-02
  -1.8126268e-01
  -1.5631673e-01
   2.6779511e-01
   1.4839773e+00
   2.4132747e+00
   1.8519716e+00
   2.8026170e-01
  -5.6795176e-01
  -9.0475404e-01
  -1.1542136e+00
  -1.6157584e+00
  -1.8839433e+00
  -1.8028594e+00
  -1.4910158e+00
  -7.9247810e-01
  -2.9353351e-01
   1.6176524e-01
   4.6736273e-01
   6.7318918e-01
   6.7942248e-01
   7.7920629e-01
   6.6072260e-01
   4.2996296e-01
   3.5511233e-01
   2.3037235e-01
   5.5737914e-02
  -1.9104029e-02
   4.2370412e-01
   1.3592603e+00
   1.6211865e+00
   1.3156017e+00
   1.4929098e-01
  -1.0357043e+00
  -1.3725066e+00
  -1.6157584e+00
  -1.6406916e+00
  -1.8527513e+00
  -1.9774938e+00
  -1.7155422e+00
  -1.3662733e+00
  -9.5464595e-01
  -4.9933443e-01
  -3.1223340e-01
  -3.7815154e-02
   1.6800364e-01
   2.6156182e-01
   2.4908245e-01
   2.1789810e-01
   2.3037235e-01
   5.5737914e-02
   4.7362157e-01
   1.7272291e+00
   2.1014312e+00
   1.2407511e+00
  -5.6525256e-02
  -7.0516088e-01
  -1.1916389e+00
  -1.1854056e+00
  -1.2290642e+00
  -1.0856218e+00
  -7.8624481e-01
  -4.1827605e-01
  -1.3760407e-01
   5.5737914e-02
   2.6156182e-01
   3.6134562e-01
   3.5511233e-01
   3.2392031e-01
   3.6134562e-01
   2.7402841e-01
   2.1165969e-01
   3.0790941e-02
  -6.2761106e-02
  -1.0018387e-01
   2.4908245e-01
   1.0037582e+00
   1.7584211e+00
   1.3093429e+00
   1.2434503e-01
  -8.0494469e-01
  -1.1479803e+00
  -1.5658409e+00
  -1.5533743e+00
  -1.1043217e+00
  -7.3011961e-01
  -4.7440125e-01
  -1.9373693e-01
  -5.0289407e-02
   5.5737914e-02
   2.3660820e-01
   3.6134562e-01
   4.1123753e-01
   5.6093879e-01
   5.2974677e-01
   4.1747082e-01
   2.8026170e-01
   7.4448017e-02
  -1.4384247e-01
  -3.3095883e-01
  -1.7502683e-01
   5.1102134e-01
  -1.2867158e-02
  -2.1868544e-01
  -5.6171846e-01
  -1.1604469e+00
  -1.3413146e+00
  -1.5221823e+00
  -1.5409078e+00
  -1.7030756e+00
  -1.6843502e+00
  -1.3600400e+00
  -1.0918551e+00
  -8.7356202e-01
  -5.3675974e-01
  -1.4384247e-01
   2.1789810e-01
   4.4242955e-01
   4.8608816e-01
   4.6112943e-01
   2.9272829e-01
   2.1165969e-01
  -2.5340900e-02
  -1.0641971e-01
   1.4929098e-01
   1.4590442e+00
   1.7396957e+00
  -5.8041835e-01
  -1.5284412e+00
  -1.4972491e+00
  -1.4972491e+00
  -1.5658409e+00
  -1.8153260e+00
  -1.6531582e+00
  -8.2990342e-01
  -8.1473763e-02
   3.4264574e-01
   6.7942248e-01
   9.2267425e-01
   1.1721338e+00
   1.2968763e+00
   1.4777440e+00
   1.4590442e+00
   1.5276359e+00
   1.4029190e+00
   1.3218350e+00
   9.1644096e-01
   6.2329728e-01
   3.1768702e-01
   2.3660820e-01
   1.3681928e-01
   7.2308109e-01
   2.2698323e+00
   2.1575819e+00
   4.0500423e-01
  -1.0668963e+00
  -1.5284412e+00
  -1.9400685e+00
  -2.0523189e+00
  -1.9276019e+00
  -1.5533743e+00
  -1.0731296e+00
  -7.2386077e-01
  -3.7461744e-01
   2.0542384e-01
   5.7963867e-01
   8.1039831e-01
   1.1097753e+00
   1.3343016e+00
   1.5151694e+00
   1.3280683e+00
   1.3530015e+00
   1.0848166e+00
   9.4760743e-01
   6.5448930e-01
   8.9148223e-01
   1.9579887e+00
   2.8248765e+00
   1.8270129e+00
   2.3037235e-01
  -1.0045379e+00
  -1.6219917e+00
  -1.8402847e+00
  -1.6032662e+00
  -1.5159490e+00
  -1.4036986e+00
  -1.1230215e+00
  -7.8624481e-01
  -3.4342542e-01
  -1.5007832e-01
  -2.2492129e-01
  -2.5610820e-01
  -2.9353351e-01
  -2.4363139e-01
  -2.1244704e-01
  -9.3948016e-02
  -4.4051003e-02
  -5.0289407e-02
   3.0790941e-02
   3.7027812e-02
  -3.4342542e-01
  -3.3095883e-01
   9.6633286e-01
   3.3237956e+00
   2.5442505e+00
  -2.6234149e-01
  -1.1167882e+00
  -1.3912320e+00
  -1.1479803e+00
  -1.0357043e+00
  -6.9269429e-01
  -4.3074264e-01
  -2.1868544e-01
   1.6176524e-01
   6.3576387e-01
   8.9771553e-01
   9.7256615e-01
   1.1160086e+00
   1.0910498e+00
   1.0661167e+00
   6.0459740e-01
   2.4554069e-02
  -4.8063454e-01
  -5.3675974e-01
  -7.8624481e-01
  -7.9871140e-01
  -1.1978722e+00
  -9.5464595e-01
   3.8630435e-01
   2.6128423e+00
   3.2302962e+00
   1.8893714e+00
   3.3638690e-01
   6.1976318e-02
  -3.0600010e-01
  -3.6835860e-01
  -5.1182656e-01
  -2.2492129e-01
  -2.7480808e-01
  -3.2469999e-01
   8.6922270e-02
   3.8630435e-01
   6.7318918e-01
   7.9169842e-01
   7.9169842e-01
   9.6009957e-01
   9.4137413e-01
   7.6673970e-01
   5.3598006e-01
   2.1165969e-01
  -4.4051003e-02
  -5.1182656e-01
  -1.8126268e-01
   1.3841935e+00
   2.0827313e+00
   1.2781764e+00
  -5.3675974e-01
  -1.7779007e+00
  -2.2269534e+00
  -2.6946548e+00
  -2.4265465e+00
  -2.1022364e+00
  -1.9026432e+00
  -1.7217755e+00
  -1.3350813e+00
  -7.7377822e-01
  -4.3697593e-01
   1.4305513e-01
   4.9232145e-01
   7.8546513e-01
   7.2308109e-01
   5.7340538e-01
   4.6736273e-01
   2.0542384e-01
  -1.6878843e-01
   1.2080327e-02
   1.2157924e+00
   8.0416501e-01
  -5.3052645e-01
  -8.4237000e-01
  -1.2976560e+00
  -1.3849732e+00
  -1.4910158e+00
  -1.3226147e+00
  -1.1417470e+00
  -4.6193466e-01
  -3.7815154e-02
   2.3037235e-01
   4.2996296e-01
   5.4844665e-01
   3.8630435e-01
   2.5531830e-01
   2.4284405e-01
   1.8317198e-02
  -7.5235359e-02
  -3.8708403e-01
  -5.4299303e-01
  -8.7979532e-01
  -1.0544298e+00
  -4.2450934e-01
   1.0661167e+00
   1.6648451e+00
   8.4159033e-01
  -5.6525256e-02
  -6.6302866e-03
  -1.9373693e-01
  -1.5631673e-01
  -1.5631673e-01
  -6.6302866e-03
   3.7027812e-02
   1.4305513e-01
   3.6757892e-01
   3.3638690e-01
   4.8608816e-01
   4.7362157e-01
   4.3619625e-01
   3.3638690e-01
   2.9272829e-01
   1.6176524e-01
  -1.4384247e-01
  -6.9269429e-01
  -1.0419632e+00
  -8.9226191e-01
   1.3681928e-01
   7.1061450e-01
   7.9169842e-01
   1.3058088e-01
  -1.4847826e+00
  -2.0710444e+00
  -1.9276019e+00
  -1.3350813e+00
  -7.9247810e-01
  -7.1139418e-01
  -8.5483659e-01
  -7.6128608e-01
  -4.8063454e-01
  -6.8999509e-02
   4.0500423e-01
   6.4199716e-01
   7.4803981e-01
   5.8587197e-01
   7.7297299e-01
   7.0438120e-01
   3.4264574e-01
   3.7027812e-02
  -1.1889397e-01
   2.0542384e-01
   1.7895876e+00
   2.5130841e+00
   1.5837867e+00
  -3.7815154e-02
  -9.9207126e-01
  -1.1355137e+00
  -1.5221823e+00
  -1.5970330e+00
  -1.1729390e+00
  -7.3635290e-01
  -4.9933443e-01
  -1.3136822e-01
   1.2080327e-02
   6.8212168e-02
   8.0686421e-02
   9.3160674e-02
  -1.1889397e-01
  -5.6525256e-02
  -1.6255258e-01
  -2.8104138e-01
  -5.3675974e-01
  -6.8020216e-01
  -6.4903568e-01
  -3.9331732e-01
   3.7381221e-01
   1.0785833e+00
   8.2912374e-01
  -4.6193466e-01
  -7.6751938e-01
  -5.8041835e-01
  -5.6795176e-01
  -6.2407696e-01
  -8.0494469e-01
  -9.3592052e-01
  -6.7396886e-01
  -4.6193466e-01
  -2.6234149e-01
   1.2080327e-02
   1.1187078e-01
   3.8630435e-01
   4.6112943e-01
   4.2996296e-01
   3.3638690e-01
   2.4908245e-01
   1.8047534e-01
   1.3681928e-01
   7.2308109e-01
   2.3945748e+00
   2.3321908e+00
   4.6112943e-01
  -1.0641971e-01
  -9.7334583e-01
  -1.0731296e+00
  -1.1479803e+00
  -1.0793629e+00
  -1.0045379e+00
  -6.4280239e-01
  -3.4965871e-01
  -1.6255258e-01
   1.6800364e-01
   4.2996296e-01
   6.1706399e-01
   7.1061450e-01
   5.7963867e-01
   4.4866284e-01
   3.9253764e-01
   3.2392031e-01
   2.8649500e-01
   3.0790941e-02
  -1.5631673e-01
  -2.9353351e-01
   4.3263661e-02
   1.8706715e+00
   3.2116474e+00
   1.3904268e+00
  -1.5631673e-01
  -7.1139418e-01
  -9.3592052e-01
  -8.9226191e-01
  -1.1167882e+00
  -9.6711254e-01
  -8.7356202e-01
  -5.2429315e-01
  -3.5589201e-01
  -3.7815154e-02
   6.8212168e-02
   2.3037235e-01
   3.6757892e-01
   4.7985486e-01
   5.4844665e-01
   5.4221336e-01
   4.3619625e-01
   1.6176524e-01
  -9.3948016e-02
  -1.9997278e-01
  -3.9331732e-01
   6.0459740e-01
   3.3426998e+00
   2.8499119e+00
   2.1165969e-01
  -5.9291048e-01
  -1.4785237e+00
  -1.3538067e+00
  -1.2477641e+00
  -6.5526898e-01
  -3.6835860e-01
  -6.8999509e-02
   2.5531830e-01
   3.8004551e-01
   4.6736273e-01
   6.7318918e-01
   5.6093879e-01
   5.1728018e-01
   4.1747082e-01
   2.2413395e-01
   8.0686421e-02
   1.2080327e-02
  -1.1889397e-01
  -3.4342542e-01
  -7.5505279e-01
  -4.8063454e-01
   1.7771210e+00
   2.6503954e+00
   1.0411579e+00
  -7.4258620e-01
  -1.9026432e+00
  -2.0772777e+00
  -1.9712606e+00
  -1.6843502e+00
  -1.4161652e+00
  -9.6711254e-01
  -4.4944252e-01
   7.4448017e-02
   3.4264574e-01
   6.7942248e-01
   9.1018211e-01
   1.0411579e+00
   9.2267425e-01
   7.8546513e-01
   6.9188907e-01
   4.5489614e-01
   1.2434503e-01
  -3.2469999e-01
  -5.9291048e-01
  -7.3011961e-01
   5.2974677e-01
   2.4631666e+00
   1.7272291e+00
   6.8212168e-02
  -1.3039148e+00
  -2.0273858e+00
  -1.8901766e+00
  -1.6781169e+00
  -1.6094995e+00
  -1.5471410e+00
  -1.2539974e+00
  -8.2990342e-01
  -3.1846669e-01
   8.6922270e-02
   3.1768702e-01
   5.6717208e-01
   6.8565577e-01
   7.1684779e-01
   7.2308109e-01
   7.3554768e-01
   8.2912374e-01
   8.6029021e-01
   7.4803981e-01
   5.9210526e-01
   1.3681928e-01
  -1.3136822e-01
   1.1596672e+00
   2.5130841e+00
   1.4153855e+00
  -3.3095883e-01
  -1.2727228e+00
  -1.5471410e+00
  -1.2976560e+00
  -1.1542136e+00
  -1.0793629e+00
  -8.2367012e-01
  -4.3697593e-01
  -6.2761106e-02
   2.4284405e-01
   3.8630435e-01
   4.0500423e-01
   4.1123753e-01
   4.6112943e-01
   5.8587197e-01
   7.3554768e-01
   7.5427311e-01
   6.5448930e-01
   6.7942248e-01
   4.7985486e-01
   3.9253764e-01
   3.5511233e-01
   3.8630435e-01
   9.0394882e-01
   1.7209958e+00
   1.7147625e+00
   8.4782362e-01
  -6.4903568e-01
  -1.0918551e+00
  -1.0544298e+00
  -1.5159490e+00
  -1.7966261e+00
  -1.5783331e+00
  -1.5596076e+00
  -1.4598238e+00
  -1.1791723e+00
  -8.2990342e-01
  -5.4925188e-01
  -2.6234149e-01
  -3.7815154e-02
   9.3160674e-02
   1.9918800e-01
   3.1768702e-01
   2.2413395e-01
   9.9396524e-02
  -2.3739554e-01
  -6.1161037e-01
  -5.6171846e-01
   5.5467995e-01
   1.3280683e+00
   4.1747082e-01
  -5.9914378e-01
  -1.3662733e+00
  -1.4785237e+00
  -9.9207126e-01
  -4.3697593e-01
  -8.1473763e-02
   7.4448017e-02
   3.3015360e-01
   3.4264574e-01
   5.4844665e-01
   7.6673970e-01
   1.0286914e+00
   1.0661167e+00
   1.0099915e+00
   8.9771553e-01
   7.6673970e-01
   6.5448930e-01
   4.7985486e-01
   2.3660820e-01
  -5.0289407e-02
  -1.0018387e-01
   1.1035420e+00
   2.6503954e+00
   1.8644382e+00
   1.2434503e-01
  -7.6751938e-01
  -7.6128608e-01
  -5.6171846e-01
  -4.3697593e-01
  -3.2469999e-01
  -2.6857479e-01
  -1.6255258e-01
  -2.5340900e-02
   1.8047534e-01
   5.1728018e-01
   8.0416501e-01
   9.9749933e-01
   1.1035420e+00
   1.1284752e+00
   8.6652351e-01
   7.2308109e-01
   5.4221336e-01
   1.6176524e-01
  -2.3739554e-01
  -4.1827605e-01
  -3.6835860e-01
   2.6156182e-01
   2.2324070e+00
   2.5816759e+00
   9.3514084e-01
  -4.8686784e-01
  -9.2345393e-01
  -8.5483659e-01
  -7.3011961e-01
  -5.8041835e-01
  -3.5589201e-01
  -1.3760407e-01
   6.8212168e-02
   4.2996296e-01
   5.9833856e-01
   8.0416501e-01
   8.8524894e-01
   1.0411579e+00
   1.1783671e+00
   1.0473912e+00
   8.2286490e-01
   6.4823046e-01
   4.7985486e-01
   4.1747082e-01
   1.4929098e-01
   8.6922270e-02
