   3.1691109e+00
   9.4084073e-01
   4.4849608e-01
   3.7819022e-01
   1.3477007e-01
  -3.7653708e-01
   4.4889030e-01
   4.7767926e-01
   1.2084106e+00
   1.2081572e+00
   1.2588720e+00
   7.9655856e-01
   7.8061966e-01
   1.3309649e+00
   5.9882879e-01
   4.0975729e-01
   4.2949457e-01
   7.2982950e-01
   5.0190031e-01
   1.3832731e+00
   6.2279174e-01
   5.2146558e-01
   6.2108127e-01
   7.1019560e-01
   1.3241791e+00
   9.5731723e-01
   1.2053497e+00
   1.7444144e+00
   2.0367005e+00
   1.9807966e+00
   3.1621978e+00
   2.9826770e+00
   2.4521003e+00
   1.9147011e+00
   1.7120247e+00
   1.2735995e+00
   1.0070593e+00
   7.3956801e-01
  -5.4975716e-01
  -2.1058139e-01
  -1.4090945e+00
  -8.5655723e-01
  -1.3395636e+00
  -9.3153820e-01
  -1.1545367e+00
  -1.1175180e+00
  -9.8598214e-01
  -3.2583142e-01
  -4.6205045e-01
  -4.1166909e-01
  -3.2958657e-01
  -4.0161574e-02
  -1.0092146e+00
  -1.9238670e-01
  -1.0904594e+00
  -1.0815817e+00
  -6.8109597e-01
   4.3346624e-01
  -3.1301995e-01
   1.0743922e-01
   6.1142903e-02
   3.2441284e-01
   2.5354412e-01
   6.4856423e-01
   5.9976526e-01
   6.3253043e-01
   1.3132210e+00
   1.8977763e+00
   1.1950593e+00
   3.6174682e-01
   1.1536567e+00
   7.1954610e-01
   4.8824543e-01
   7.9115710e-01
   5.1249990e-01
   4.8995141e-01
   5.7702542e-01
   1.2217601e+00
   6.3157371e-01
  -1.5007099e-01
  -3.5336635e-01
  -3.3992349e-01
  -3.7297131e-01
  -5.3293926e-01
  -1.2765107e+00
  -6.0749653e-01
  -9.2127402e-01
  -4.8035150e-01
   1.5743571e-01
  -9.2638968e-03
  -2.4189294e-02
   2.7073033e-01
   2.8570469e-01
   2.8872121e-01
   2.1681894e-01
   6.2283415e-01
  -8.2813515e-02
  -2.4156953e-01
  -1.6388662e-02
   6.1067538e-01
   5.8980146e-01
   3.6927936e-01
   4.1965066e-01
   1.0251038e+00
   2.0633605e-01
   1.5019631e-01
   6.7934638e-01
   1.8278932e-01
   8.4323561e-01
   2.1675059e-01
   5.7611733e-01
   2.5425520e-01
   6.1280607e-01
   6.1699847e-01
   4.3814940e-01
   8.0948377e-01
   2.4035495e-01
   1.9999378e+00
   6.4113993e-01
   1.6693854e+00
   1.3440672e+00
   1.5256381e+00
   2.5632197e+00
   2.5733304e+00
   1.7123884e+00
   1.0206227e+00
   7.7370194e-01
   5.0358984e-01
   3.7815922e-01
  -1.2855512e-01
  -5.2484574e-01
  -6.6202036e-01
  -2.7865948e-01
  -5.3362717e-01
  -2.5112535e-01
  -6.3336951e-01
  -2.9814528e-02
  -5.3619214e-01
  -6.1905004e-01
  -2.6884305e-01
   1.9713596e-01
   4.8024217e-01
   1.6952096e-02
   2.7169840e-01
   8.0917986e-01
   9.7894385e-01
   7.2166440e-01
   1.9790705e-01
   4.4977360e-01
   1.0339553e+00
   1.3860172e+00
   9.1897085e-01
   1.3485086e+00
   1.4371946e+00
   1.1386010e+00
   8.7942798e-01
   9.9128871e-01
   3.2554244e-01
   1.2467862e+00
   1.2515992e+00
   8.1960901e-01
   2.1268919e-01
   6.1073637e-01
   2.0637878e-02
   6.5762186e-01
   5.7338856e-01
   8.2202632e-01
   1.6294074e-01
   4.3375236e-01
   5.6037588e-01
   2.7623726e-01
   1.5353685e-01
   5.5336847e-01
   3.5129319e-02
   2.3305545e-01
  -3.4579193e-01
  -2.8035925e-03
  -7.5404661e-01
  -8.5767214e-01
  -9.5550331e-02
  -1.7706093e-01
   1.4767500e-01
  -1.2467283e-01
  -2.4941462e-01
   2.0584938e+00
   1.5745038e+00
   1.4539770e+00
   1.0838252e+00
   1.0702148e+00
   1.6821821e+00
   1.9743623e+00
   2.2000425e+00
   1.7551005e+00
   1.2254532e+00
   1.1031150e+00
   1.2931486e+00
   1.3790181e+00
   2.4754875e+00
   1.8815983e+00
   1.0493077e+00
   1.3475404e+00
   1.4093096e+00
  -2.1708947e-01
   1.0259153e+00
   5.6380555e-01
   3.3806340e-01
   7.8044560e-02
  -4.8631132e-01
  -2.2508169e-01
   1.1128057e-01
  -7.6106919e-01
  -6.8938928e-01
  -2.2336610e-01
   1.8977533e-02
   3.6362376e-03
   4.1016490e-01
  -2.0745648e-01
   1.1447691e-01
   2.5005060e-01
  -1.5555731e-01
  -5.4148579e-01
   4.3345371e-01
   8.7637192e-01
   1.8886159e-01
   8.3965778e-01
   4.2817447e-01
   5.1099338e-01
  -6.4218311e-02
   1.0379646e+00
   2.1260011e-01
   4.3890329e-01
  -3.2663246e-01
   2.1171393e-01
  -3.4860720e-01
   1.9364849e-01
  -1.5286641e-01
   6.5144123e-02
   1.8450379e-01
   7.5943639e-01
   3.4898672e-01
   1.1124868e+00
   3.5301901e-01
   6.4409608e-01
  -1.3518228e-01
   5.3737796e-01
   4.1978234e-01
   5.9880787e-01
   1.3459826e+00
   1.7145041e+00
   1.8497040e+00
   1.3827373e+00
   1.6644853e+00
   8.3783337e-01
   1.0441331e+00
   8.9516650e-01
   2.7255181e-01
  -1.4085306e-01
  -6.7226756e-02
   4.6156403e-01
  -6.9095588e-01
  -3.4373426e-01
  -2.3570396e-01
  -2.4659917e-01
   1.4116161e-01
   3.8648902e-02
   2.7107781e-01
   1.3929055e+00
   1.7602855e+00
   2.4721350e+00
   2.6251749e+00
   2.5234550e+00
   2.2254150e+00
   1.7460683e+00
   1.6747609e+00
   1.6420339e+00
   1.2377669e+00
   1.0239609e+00
   9.0142246e-01
   1.5654820e+00
   1.7974966e+00
   5.0020704e-01
   5.5980431e-01
   2.3001755e-01
   2.0952913e-01
  -7.6226593e-01
  -7.2061361e-03
   1.8520835e-01
   2.5961250e-02
  -1.1756615e+00
  -5.0905504e-01
  -4.7202910e-01
  -2.4813571e-01
  -9.3885593e-02
  -2.3858757e-01
  -1.0961143e+00
  -1.5284135e+00
  -3.3412932e-01
  -1.7283566e+00
  -1.5450331e-01
  -2.2831150e+00
  -5.6429420e-01
  -6.4063162e-01
  -5.7398209e-01
  -3.6169260e-01
  -5.2848706e-01
  -5.0220806e-01
  -2.9501462e-01
  -4.0078826e-01
  -3.0587285e-01
  -2.3451768e-01
   7.5675695e-02
   1.4965627e-01
   4.8623197e-01
   4.8248413e-01
   9.2039489e-01
   9.4512651e-02
  -1.1595703e-01
   2.2997299e-02
   9.2143965e-01
  -7.1110928e-01
  -1.0997754e+00
   8.0444549e-01
  -9.9682949e-01
   2.4599573e-01
  -7.3335990e-03
   7.8188506e-01
   1.0583072e+00
   7.6613186e-01
   8.2273581e-01
   2.9175475e-01
   6.4662027e-01
   4.9916788e-01
   5.0064993e-01
  -8.0027393e-01
  -3.7407297e-01
  -7.3023278e-01
  -1.3846488e-01
  -2.0318656e-01
  -4.1862276e-01
  -7.6191216e-01
  -1.1112143e+00
  -1.0121184e+00
  -9.3716716e-01
  -1.5755044e+00
  -4.1410826e-01
  -1.1280741e-01
   1.0773696e+00
   1.3777283e+00
   6.8444270e-01
   7.1146581e-01
   1.0994614e+00
   1.4249191e+00
   1.2810721e+00
   4.1925295e-01
   5.8693920e-01
   4.4653222e-01
   2.3639433e-01
  -7.5180817e-02
   3.9144451e-01
   6.7543079e-01
   8.4806640e-01
   1.4615584e-01
  -2.8706632e-01
   5.7878234e-01
   1.3729511e+00
   1.0783471e+00
  -3.0860325e-01
   1.0880556e+00
   5.5113662e-02
  -7.2542700e-01
  -2.9046939e-01
  -9.2885104e-01
  -3.4697048e-01
  -6.6729641e-01
  -8.5413864e-01
  -5.4836650e-01
  -3.1570223e-01
  -3.9608335e-01
  -4.4341300e-01
  -7.8437167e-01
  -6.4354383e-01
  -7.6217975e-01
  -7.5541917e-01
  -1.0157609e+00
  -6.3112957e-01
  -6.3121443e-01
  -8.8305872e-01
  -3.7227562e-01
  -4.8425549e-01
   7.1751057e-02
  -2.3612416e+00
  -7.5578882e-01
  -2.0567127e+00
  -1.5404399e+00
  -1.6299794e+00
  -1.1089232e+00
  -4.1415395e-01
  -5.2577943e-01
  -2.2013662e-01
  -7.1834363e-01
  -3.7755370e-01
  -1.9824996e-01
  -1.4113646e-01
  -3.7129817e-01
  -5.1293705e-01
   3.6735940e-01
  -1.1203396e+00
  -5.2439640e-01
  -9.9718641e-01
  -9.8345784e-01
  -8.4761019e-01
  -1.1134289e+00
  -9.7356233e-01
  -2.6073177e+00
  -1.7719819e+00
  -1.5700285e+00
  -2.1870775e+00
  -1.7691745e+00
  -2.0421392e+00
  -1.4815304e+00
  -9.5391115e-01
  -6.3249592e-01
  -9.5135652e-01
  -1.3950579e+00
  -1.2707917e+00
  -6.7767754e-01
  -2.8779452e-01
  -8.5398696e-02
   1.2499059e-01
   3.2409704e-01
   7.7864661e-02
  -2.0963325e-02
  -1.6699549e-01
  -8.4019102e-02
   3.3873270e-02
  -4.6645312e-01
  -1.6498715e+00
  -5.6744666e-01
  -1.1660030e+00
  -9.6841829e-01
  -1.0067842e+00
  -1.5058939e+00
  -9.1618170e-01
   2.9019511e-01
  -2.2341281e-01
   1.2335153e-01
   3.1021646e-01
  -5.9028599e-01
  -3.9586147e-01
  -2.6572988e-01
  -3.8689746e-01
  -9.8942145e-01
  -1.0395282e+00
  -1.1153420e+00
  -7.0004343e-01
  -1.4124014e+00
  -1.5316143e+00
  -1.2296450e+00
  -1.7975550e+00
  -1.6466779e+00
  -2.4952010e+00
  -1.5316946e+00
  -2.0998720e+00
  -1.4257141e+00
  -2.1561975e+00
  -1.6012068e+00
  -1.0605764e+00
  -4.0346239e-01
  -5.3823518e-01
  -9.2019303e-01
  -1.1789695e-01
  -1.0437636e+00
  -5.7864300e-02
  -1.7101398e-01
   2.7370825e-01
   8.7347988e-02
   3.3056684e-01
  -3.5385620e-01
  -4.6909505e-01
  -6.7134512e-01
  -4.8145725e-01
  -7.3484316e-02
  -8.5859518e-02
  -7.4768551e-01
  -7.8295000e-01
  -8.2878907e-01
  -1.2290779e+00
  -2.1602196e-01
  -6.4662670e-01
  -2.2001149e-01
  -3.4873253e-01
  -6.3642667e-01
  -5.2440803e-01
  -4.4565322e-01
  -3.0210805e-01
  -3.5196011e-01
  -6.7256407e-01
  -7.2552858e-01
  -4.7394484e-01
  -5.7943236e-01
  -1.4790222e-01
  -5.4291879e-01
  -1.3035861e+00
  -9.5527172e-01
  -9.1753600e-01
   1.2571154e-02
   1.2253228e-01
  -9.1725953e-01
  -8.2755683e-01
  -7.7417344e-01
  -7.4775685e-01
  -9.6178281e-01
  -1.5878454e+00
  -6.6578037e-01
  -5.3410737e-01
   1.6292565e-02
   2.9254838e-01
   6.1307615e-01
   7.8266806e-01
   4.5704559e-01
   3.6789530e-01
  -1.1110939e-01
  -2.7244615e-01
  -9.2921050e-02
  -5.7629258e-03
   1.1874824e+00
  -4.7896691e-01
   2.8962147e-01
  -3.0524306e-01
  -4.9030909e-01
  -1.2652081e+00
  -2.0509689e+00
  -1.4077183e+00
  -1.9107436e+00
  -5.8444209e-01
  -1.1942351e+00
   1.4638936e-01
   1.2980625e+00
   1.7397940e+00
   1.1407520e+00
   1.3968388e+00
   1.1458741e+00
   2.9989409e-01
   5.5054352e-01
  -4.5029800e-01
   4.7757158e-01
   2.1659772e-01
   2.7827456e-02
   3.1483945e-01
   2.6059481e-02
   2.6262785e-01
   3.8165199e-01
   3.5026815e-01
   2.5294839e-01
  -1.3776304e+00
  -7.5359095e-01
  -1.4406650e+00
  -5.3702581e-01
  -6.4421198e-01
  -1.5278402e-01
   1.3641399e-01
   6.9741349e-02
   2.3317258e-01
   6.0916335e-01
   5.9009697e-01
   5.1466686e-01
   9.0847711e-02
   5.5611633e-01
   2.3632322e-01
  -2.4110902e-01
   7.4992200e-01
  -1.1315697e+00
  -6.7728931e-01
  -1.1495283e+00
  -8.7291492e-01
  -4.7644890e-01
  -3.5596583e-01
  -1.6872183e+00
  -1.7179269e+00
  -6.3935598e-01
  -2.2833214e+00
  -1.5187532e+00
  -2.1770520e+00
  -1.3032678e+00
  -1.0715902e-01
   1.0031264e+00
   9.4533162e-02
   7.7647375e-02
   4.4225906e-02
   2.4033470e-01
   6.9893771e-01
   1.4434125e+00
  -1.8445582e-01
   9.1317218e-01
  -1.7893742e-01
   5.6673166e-01
   6.5528527e-01
   1.4252489e+00
   8.8260831e-01
   3.9070732e-01
   6.2382163e-01
  -9.1552250e-01
  -7.9221926e-01
  -2.4053953e-01
  -1.3049591e+00
  -4.6323233e-01
  -1.8197744e+00
  -8.6675729e-01
  -1.3088682e-01
  -8.6944409e-02
  -1.4548610e-01
  -2.3867854e-01
  -4.3651018e-01
  -7.9631057e-01
  -5.9545132e-01
  -5.9437529e-01
  -9.2979187e-01
  -4.2876296e-01
  -2.1049782e-01
  -2.5938794e-01
   7.5334465e-01
   1.2261632e+00
   1.1394273e+00
   1.3830547e+00
   4.5821127e-01
  -6.2696968e-01
  -1.2276982e+00
  -5.9554637e-01
  -7.9165184e-01
   1.1369204e-01
  -8.4830075e-01
  -1.4109212e-02
  -4.0597077e-02
  -4.7109543e-01
  -8.1580669e-02
  -7.4290935e-01
   3.3011834e-01
  -8.0236375e-01
   1.2687900e-01
   1.2557428e+00
   2.0227251e+00
   2.7909665e+00
   2.2094076e+00
   2.3089890e+00
   1.1871096e+00
   1.6524019e+00
   4.2563079e-01
   8.5614997e-01
   9.0286388e-01
  -6.6168345e-01
  -5.3617923e-01
  -1.2813824e+00
  -9.5448702e-01
  -1.1115879e+00
  -1.6425913e+00
  -1.2952880e+00
  -7.2660084e-01
  -1.1405882e+00
  -8.4972369e-01
  -1.3724104e+00
  -1.0220636e+00
  -7.8636496e-02
   5.4830040e-01
   1.0446194e+00
   5.4923810e-01
   1.4546232e+00
   7.7735247e-01
   5.2971224e-01
  -5.8414915e-01
  -2.2398329e-01
   8.0800983e-01
   1.1990297e+00
   2.4117295e-01
  -9.9683461e-01
  -3.9043954e-01
  -1.5648540e+00
  -3.4995325e-01
  -1.4921136e+00
  -5.8918959e-01
  -3.3032969e-01
   2.9003719e-01
   2.3452728e-01
   8.5433309e-02
   6.5058955e-01
   7.4976843e-01
   6.2163482e-01
  -4.8360414e-01
  -1.6411994e-02
   1.3291119e-02
   2.3188982e-01
  -1.6666625e-01
  -5.3841683e-01
  -3.8838999e-01
   5.1906979e-02
   2.7662645e-01
   7.7144229e-01
  -1.6703485e+00
  -1.8556697e+00
  -1.7836340e+00
  -2.0669628e+00
  -1.4527795e+00
  -2.0491306e+00
  -1.8423787e+00
  -1.0715086e+00
  -1.6598188e+00
  -1.8032952e+00
  -7.6380723e-01
  -4.8234963e-01
  -1.0013662e+00
  -1.1746406e+00
  -8.3654922e-01
  -1.0051554e+00
  -4.0990846e-01
  -5.9955694e-01
  -7.3659550e-01
  -1.1088339e-01
   1.5041032e-01
   3.7547901e-01
   6.9920068e-01
   7.2750049e-01
  -1.0515635e+00
  -8.5012320e-01
  -1.0416576e+00
  -3.2090978e-01
   6.2190335e-02
  -8.5027130e-01
  -2.4201008e-01
   1.9797269e-02
  -5.2719116e-01
  -8.6690435e-02
  -1.6458786e-01
  -1.3809959e-01
  -2.0408230e-01
  -2.6726457e-01
  -4.5946880e-01
  -1.9692531e-01
  -1.9391523e+00
  -5.2844181e-01
   1.0510982e+00
   1.3171349e+00
   1.0173410e+00
   1.0223175e+00
   3.5291540e-01
  -9.8451736e-04
  -1.5910714e+00
  -1.7541236e+00
  -1.4506716e+00
  -1.8074711e+00
  -1.2165607e+00
  -1.5850730e+00
  -1.1604447e+00
  -1.2936119e+00
  -2.1293338e-01
  -6.5447118e-01
  -6.2683625e-01
  -4.8181055e-01
  -1.6549653e-01
   1.9221190e-01
  -1.6413620e-01
   3.6905430e-01
   7.6023532e-01
   2.2313835e+00
   2.0560999e+00
   1.9945767e+00
   1.4178180e+00
   1.6988230e+00
   1.3977648e+00
   5.1390366e-01
  -8.7623997e-01
  -1.3673426e-01
  -1.3825463e+00
  -6.4040875e-01
  -1.4364926e+00
  -1.2528436e+00
  -9.8565141e-01
  -1.1822539e+00
  -6.8780232e-01
  -1.0390626e+00
  -4.1983181e-01
  -1.2024760e+00
  -2.1196375e+00
  -1.3929070e+00
  -1.3417638e+00
  -1.1838648e+00
  -1.6671922e+00
  -1.6384749e+00
  -1.1161680e+00
  -6.9132781e-01
  -4.2893945e-01
  -3.2940990e-01
  -5.4167646e-01
  -6.2087251e-01
  -1.1266263e+00
  -1.5999650e+00
  -3.4322698e-01
  -1.4640419e+00
  -1.1640968e+00
  -1.5930737e+00
  -9.0836194e-01
  -1.2161270e+00
  -7.3165715e-01
  -9.1766881e-01
  -6.1345693e-01
  -5.6773263e-01
  -5.6522680e-01
   9.4010197e-02
  -4.2733052e-01
  -4.9176151e-01
   1.9730369e-01
   5.0817326e-01
   8.6151346e-01
   1.1253697e+00
   1.3039222e+00
   1.9513285e+00
   7.3843181e-01
  -8.9765542e-02
  -1.6825983e+00
  -3.6577874e-01
  -2.0093542e+00
  -1.3274836e+00
  -1.8752004e+00
  -1.5750148e+00
  -1.0526077e+00
  -8.7115716e-01
  -1.0192463e+00
  -1.0952134e+00
  -1.1027034e+00
  -5.9834175e-01
  -1.1830154e+00
  -7.3636176e-01
  -8.4449469e-01
  -7.4960093e-01
  -3.4927274e-01
  -7.6117568e-01
   5.5291493e-01
   1.5071599e+00
   2.1303017e+00
   1.8745161e+00
   1.7785024e+00
  -3.6345938e-01
  -5.6876844e-02
  -7.9875725e-01
  -7.5919930e-01
  -9.1955474e-01
  -8.7570004e-01
  -1.2596168e-01
  -3.8180065e-01
  -2.0419290e-01
  -7.8044666e-02
  -4.2935988e-01
  -1.0164633e-01
  -6.4589761e-01
   2.7215123e-01
   1.1658818e+00
   1.2590458e+00
   1.1273699e+00
   1.3117965e+00
   2.6297288e-01
  -2.4669678e-01
  -2.6483729e-01
   6.1323855e-02
   4.4420048e-01
  -1.3006750e+00
  -1.3895957e+00
  -1.2385211e+00
  -1.8191706e+00
  -6.7380235e-01
  -1.5916163e+00
  -1.2177944e+00
  -8.0628648e-01
  -3.8355341e-01
   2.0695312e-01
   6.4088016e-01
   1.7116856e+00
   1.4335437e+00
   2.2846927e+00
   1.7173325e+00
   1.3083258e+00
   9.8004790e-01
   1.1469888e+00
   1.1147469e+00
   1.1560888e+00
   1.0156343e+00
   5.5872066e-01
   5.5985852e-01
   2.0272273e+00
   1.9514427e+00
  -3.2782290e-01
  -5.0852837e-01
   9.9130981e-02
  -4.7067626e-03
   1.0937825e+00
  -4.4900842e-01
   4.8655269e-01
   1.3897898e+00
   5.1367203e-01
   3.7415540e-01
   1.7590885e+00
   7.8707437e-01
   7.5189861e-01
   6.8258324e-01
   3.4269647e-03
  -2.5092215e-01
  -7.3348447e-02
   1.7023014e-02
  -4.4299839e-01
  -3.6958464e-01
  -7.0976442e-01
  -8.1585069e-01
  -1.2155048e+00
  -7.7721147e-01
  -4.1366824e-01
  -1.5541194e+00
  -1.3580480e+00
  -4.3222139e-01
  -7.1059702e-01
  -9.1745299e-02
  -1.1327555e+00
  -1.9162898e-01
   5.9141274e-01
   4.7055142e-01
   5.5003112e-01
   4.5331672e-01
   2.8209010e-01
   7.8312273e-01
   2.2024644e-01
  -8.0294664e-02
   5.4241957e-01
   4.0338509e-01
   1.0866330e+00
   5.4943644e-01
   5.0809594e-01
   8.3915033e-01
   5.6733633e-01
   4.3246360e-01
   3.5892750e-02
   5.9180104e-01
  -1.3445110e+00
  -6.4071178e-01
  -2.4575519e+00
  -8.0030926e-01
  -1.5350648e+00
  -1.4431568e+00
  -1.3905483e+00
  -7.8289983e-01
  -1.2113346e+00
  -9.8116388e-01
  -1.0624758e+00
  -1.2402530e+00
  -8.8987058e-01
  -1.3197856e+00
  -6.3752734e-01
  -7.6737191e-01
  -7.9681079e-01
  -9.3760933e-01
  -1.7128902e-01
  -2.6058865e-01
  -8.2978985e-01
   2.4887208e-01
   2.3358634e-01
   6.4974545e-01
  -9.8320532e-01
  -6.6222793e-01
  -1.0965475e+00
  -4.4676258e-01
  -9.9268564e-01
  -7.4585800e-01
  -3.4568499e-01
   4.7377557e-01
   4.2455367e-01
   2.6161112e-01
   3.3543448e-01
   8.3179055e-01
   1.8969169e+00
   1.8903880e+00
   1.7198321e+00
   1.4959999e+00
   9.8585326e-01
   5.2591289e-01
   1.2326582e+00
   3.7241405e-01
  -1.7691349e-01
  -5.8457072e-01
  -6.2067432e-01
  -8.5720145e-01
  -2.0118499e+00
  -1.6854943e+00
  -1.4542405e+00
  -1.4882208e+00
  -1.5240852e+00
  -1.9455834e+00
  -1.6699816e+00
  -1.2034002e+00
  -4.8288036e-01
  -7.8060974e-01
  -6.9523455e-01
  -4.7722890e-01
   4.7743518e-02
  -4.2036377e-01
   4.5752994e-01
   1.6733816e-01
   2.7245220e-01
   3.3200105e-01
  -3.1097145e-02
   5.9103722e-01
   4.3546781e-01
   1.5451222e+00
   4.5915082e-01
   6.2021280e-01
  -1.2716373e+00
  -7.6890663e-01
  -1.3973862e+00
  -1.3033679e+00
  -1.0654857e+00
  -8.3157431e-01
   5.5247237e-01
   1.6053725e+00
   1.3289830e+00
   2.1994959e+00
   8.9374538e-01
   7.3276792e-01
   2.1904935e-01
  -2.4894658e-01
  -3.1694354e-01
  -6.5216324e-01
  -1.1211692e+00
  -7.0184669e-01
  -2.5125169e-01
  -5.0901988e-01
  -1.2439417e+00
  -1.0025188e+00
  -5.4955767e-01
  -6.0532748e-01
  -2.0203447e+00
  -2.2303140e+00
  -3.9963456e-01
  -2.5898637e-01
   1.0710031e+00
   7.7892557e-01
   1.9130840e+00
   1.5356935e+00
   9.5737437e-01
   9.0411391e-01
   6.6392777e-01
   9.8028786e-01
  -1.4434779e-01
   2.4692277e-01
   3.6706692e-01
   2.8273426e-01
   2.4671990e-01
   3.4836743e-01
   7.0108249e-01
   1.8971348e+00
   1.5965999e+00
   1.4089671e+00
   1.4824128e+00
   2.7023303e+00
   5.9343330e-01
   1.8381174e+00
   8.0522805e-01
   1.5909408e-01
   2.1001979e-01
  -3.6673251e-01
  -3.1303474e-01
   1.4007918e+00
   1.0810886e+00
   3.7438158e-03
   2.4304718e-02
  -4.2536714e-01
  -2.4270204e-01
   2.1248845e-02
  -7.0070951e-01
  -1.2650338e+00
  -9.7411163e-01
  -1.0034665e+00
  -7.6916658e-01
   2.0696704e-02
  -5.0386809e-01
  -2.8247196e-01
  -2.4646460e-02
   1.3992903e-02
  -1.3759086e+00
  -8.5045899e-01
  -7.7451625e-01
  -9.2647748e-01
  -1.3612123e+00
  -3.0076011e-01
   2.7152558e-01
   3.8132120e-02
   2.1572227e-01
   5.8372965e-01
   8.3836115e-01
   2.3313143e+00
   1.4338641e+00
   1.5520946e+00
   1.0167906e+00
   7.2307158e-01
   1.8222075e-01
   5.5822204e-01
   6.4222339e-02
   3.4445618e-01
   6.3765248e-01
   1.1522302e-01
  -5.3525812e-01
  -2.6262558e-01
  -1.8379581e+00
  -1.3650583e+00
  -1.4484950e+00
  -7.5405334e-01
  -1.9053027e+00
  -1.9786689e+00
  -1.4285851e+00
  -1.6969089e+00
  -1.3717649e+00
  -1.3796149e+00
  -1.1735714e+00
   1.4714272e-01
   7.0842649e-01
   5.8095800e-01
  -3.0058694e-02
  -1.2800729e+00
  -6.0691772e-01
  -3.0867478e-01
  -2.2395617e-01
   2.5003077e-01
   9.6549997e-02
   8.4356482e-01
   4.3600268e-01
   7.8526593e-01
  -1.1336886e+00
  -1.4189027e-01
  -4.1213524e-01
  -2.0689365e-01
  -5.9811295e-01
  -1.2063388e+00
  -3.2910407e-02
   6.8671426e-01
   6.7062935e-01
   2.3338073e-01
  -3.4221723e-01
   6.9110444e-01
   1.8711349e-01
  -7.9550599e-02
  -6.2077710e-01
  -6.0568113e-01
  -9.0283039e-01
  -1.6943328e-01
  -4.3252410e-01
  -6.3993448e-01
  -1.3300371e+00
  -1.4250547e+00
  -9.2545576e-01
   4.9824545e-01
   3.3143081e-01
   1.0440844e+00
   3.3436731e-01
   6.3089533e-01
  -5.2785474e-01
   1.8092927e-01
  -4.8018735e-01
  -4.2312387e-01
   2.5902148e-01
  -1.3907851e-01
  -1.7803515e-01
  -5.8311503e-01
  -2.0858054e-01
  -7.9787453e-01
  -3.9477434e-01
   1.4731447e-01
  -1.4142538e-01
  -1.1402170e-01
  -3.4374222e-01
  -2.9814355e-01
   1.6644547e-03
   5.5045539e-01
   2.7510524e-01
   9.7426890e-02
   9.5063523e-01
   6.1166344e-01
   5.9884186e-01
   7.0587471e-01
   2.1060445e+00
   1.2368580e+00
   1.3927726e+00
   1.4936065e+00
   1.1129189e+00
  -2.5800638e-01
   1.5226159e-01
  -6.1611062e-01
  -5.3006961e-01
  -1.2981094e+00
  -6.4712642e-01
  -9.3448521e-01
  -1.4586977e+00
  -1.2300222e+00
  -1.2308172e+00
  -5.4756717e-01
  -8.6501722e-01
  -4.2066759e-01
  -3.1560151e-01
   7.4517886e-02
   2.2345466e-01
   6.9311502e-01
   1.5068368e+00
   2.0075569e+00
   2.7628196e+00
   2.1751762e+00
   1.9460761e+00
   2.0148316e+00
   2.0768777e+00
   1.3900177e+00
   1.6808443e+00
   1.2003971e+00
   5.1266861e-01
   3.5174001e-01
   1.0103574e+00
   2.5313249e+00
   1.8373393e+00
   1.7057235e+00
   1.1945183e+00
   1.9857375e-02
   1.6317367e+00
   1.2542145e+00
   1.3761535e+00
   1.3384233e+00
   1.0762969e+00
   1.7789857e+00
   1.3206658e+00
   6.6335704e-01
   7.3096702e-01
  -1.6772073e-02
   4.6493258e-01
   1.2626369e-01
   3.1073575e-02
  -1.2869989e+00
  -8.3967381e-01
  -6.9876710e-01
  -1.2366470e+00
  -1.2542673e+00
  -1.2983148e+00
   3.4823101e-01
   1.0630819e-01
  -2.7120532e-01
  -1.0423729e-01
   8.0502640e-02
  -1.7035764e-01
  -1.4028924e-01
   4.2064834e-01
   9.5150980e-01
   8.6347219e-01
   8.6287669e-01
   7.0186159e-01
   5.2740761e-01
   6.6353454e-01
   5.7257464e-01
   2.4207790e-01
   2.2548906e-01
   4.8553898e-01
   3.2619672e-01
   1.3484794e-01
  -3.4653568e-01
  -2.2979226e-01
  -6.7848063e-02
   1.3402296e-02
  -7.4426250e-01
  -3.5608556e-01
  -9.1326919e-01
  -1.1927350e+00
  -1.5787597e+00
  -9.5753570e-01
  -1.8961408e+00
  -1.1642420e+00
  -1.6431219e+00
  -1.2387263e+00
  -3.7526207e-01
  -6.4198426e-01
  -1.2754874e+00
  -9.3278675e-01
  -2.9420800e-01
  -5.4238308e-01
  -1.2925323e+00
  -2.4051080e-01
  -2.2310161e-01
  -3.1073549e-01
   3.0280915e-01
   3.0023225e-01
   2.5660617e-01
  -6.9047608e-02
   2.2209755e-01
  -3.5196395e-01
   3.2596463e-01
  -3.8436022e-01
  -1.4488806e+00
  -9.2986744e-01
  -1.9884862e+00
  -1.1766234e+00
  -1.9762073e+00
  -8.2278182e-01
   9.6158021e-01
   1.3512672e+00
   2.1993702e+00
   9.2565458e-01
   4.8646460e-01
   6.0768892e-01
   6.7438920e-01
   3.8733389e-01
  -5.8388618e-02
   3.2656249e-01
  -5.7735026e-01
  -7.8857568e-01
  -8.0786627e-01
  -8.5540822e-01
  -9.8229191e-01
  -5.3682705e-01
  -6.4917094e-01
  -9.8990757e-01
  -1.4547440e+00
  -1.2058688e+00
  -1.7931819e+00
  -6.6494289e-01
  -1.5098968e+00
  -4.0669550e-01
   9.8317686e-03
  -8.4772472e-02
  -5.7959208e-01
   2.9911212e-01
   6.2148017e-01
  -5.8610739e-02
  -4.9526192e-02
   1.6836224e-01
   1.3224073e+00
   2.3003750e+00
   2.9992663e+00
   3.3104402e+00
   2.1036434e+00
   2.3947839e+00
   2.5889178e+00
   2.2512078e+00
   2.4416537e+00
   1.3039702e-01
  -5.4416600e-01
  -1.5963700e-01
  -1.1813494e+00
  -5.4198201e-01
  -1.8258013e+00
  -1.0475103e+00
  -8.8031919e-01
  -1.6384954e-01
  -4.8823658e-02
  -3.6026390e-01
  -1.0535866e+00
  -1.2968384e+00
  -1.1648958e+00
  -1.5933851e+00
  -1.2325691e+00
  -4.4677554e-01
  -1.0505445e+00
  -9.5653966e-01
  -9.5069956e-01
  -1.3548546e+00
  -1.7342188e-01
   4.9065423e-01
   1.8557597e-01
  -1.8074324e+00
  -8.7886939e-01
  -1.6080616e+00
  -1.4838929e+00
  -1.3834166e+00
  -1.0887807e+00
  -8.2681869e-01
  -7.6544171e-01
  -1.8800338e-01
  -5.0475040e-01
   5.3354501e-01
   4.9106829e-01
   4.3040038e-01
   1.6144478e-03
   3.0518646e-01
   6.6116851e-01
   4.2989199e-01
   4.0161284e-01
   8.1400516e-01
   1.8152558e+00
   1.1980519e-01
   9.9514303e-01
   8.0605830e-01
  -2.8256924e-01
  -9.3805586e-01
  -2.9741080e-01
  -1.2243578e+00
  -6.6030316e-02
  -8.4892629e-01
  -2.4451323e-01
   4.7153197e-01
   1.5989886e-01
  -4.4446678e-01
  -1.1313543e-01
  -3.8671556e-01
  -5.5664148e-01
  -6.3139430e-01
  -7.4852276e-01
   1.3693006e-02
   5.2656435e-01
   1.8174159e-01
   6.3269275e-01
   2.2161065e-01
   2.0596091e-01
  -4.0853238e-02
  -9.6579576e-02
   3.4884017e-02
   1.7755424e-01
  -1.8980799e+00
  -1.0411772e+00
  -1.5182381e+00
  -1.3429901e+00
  -8.0378810e-01
  -1.4176444e+00
  -7.2822049e-01
  -5.7161843e-01
  -3.8889738e-02
   6.4303914e-01
   3.3118219e-01
  -3.4586644e-01
   2.9852103e-01
  -5.0142941e-02
  -1.0403614e-01
  -5.6046026e-01
   2.8774356e-01
  -2.9952461e-01
  -6.8024556e-02
  -3.3835089e-01
   1.1581806e-01
  -4.8310741e-01
   1.1836198e+00
   1.1917713e+00
   1.7151901e+00
  -6.0987467e-01
  -1.5213510e-01
  -5.3798423e-01
  -7.1512811e-01
  -7.5843649e-01
  -1.3100759e+00
  -7.9222171e-01
  -2.6403365e-01
   1.3304653e-01
  -2.5877570e-01
   4.1017897e-01
   8.0914135e-01
   5.5584601e-02
   4.6884318e-01
   5.7893583e-01
  -1.8430954e-01
   7.3089111e-01
   2.8150076e-01
   1.7929169e-01
   6.1186673e-01
   5.2459798e-01
   6.7994546e-01
   5.2297418e-03
   8.6777956e-01
  -1.7513717e+00
  -1.8291657e+00
  -1.1300837e+00
  -1.2684890e+00
  -3.7693671e-01
  -7.0576849e-01
  -3.7037105e-02
   8.0342967e-01
   9.0497637e-01
   1.3961778e+00
   2.0501460e+00
   1.4677188e+00
   1.1189292e+00
   1.0586807e+00
   8.0505832e-01
   1.5012217e+00
   3.7899239e-01
   8.4767346e-01
   5.5187599e-01
   2.4414615e-02
  -3.2522637e-01
  -1.7258148e-01
  -1.2575254e-01
  -4.4138144e-02
  -1.2559242e-01
  -1.3688395e+00
  -4.6299172e-01
  -1.5237002e+00
  -5.1108489e-01
  -1.2589201e+00
  -2.2025120e-01
   1.9183597e-01
  -3.4258506e-01
  -1.9793040e-01
   4.1913484e-01
   1.2475792e+00
   7.3348475e-01
   5.0706359e-01
   6.3325833e-01
   1.1790544e+00
   1.4474953e+00
   1.9282036e+00
   2.7891653e+00
   2.6948548e+00
   1.7960462e+00
   2.9433170e+00
   1.7846749e+00
   1.8260896e+00
   1.6304038e-03
  -1.6331475e+00
  -5.0053718e-01
  -1.0665496e+00
  -6.1274607e-02
  -1.0667888e+00
  -8.4609510e-01
  -8.9657884e-01
   1.5104073e-01
   4.4023534e-01
   1.0314774e+00
   1.3732204e+00
   1.2187782e+00
   8.6310893e-01
   8.8237106e-01
   8.0331111e-01
   1.8153904e+00
   1.1420003e+00
   1.5943088e+00
   1.3771570e+00
   1.4717545e+00
   1.1434611e+00
   7.8507213e-01
   1.3987036e+00
   1.4514698e+00
   5.8750342e-01
  -7.8055162e-01
  -1.1628710e-01
  -7.5011048e-01
   6.6034863e-02
  -7.6092448e-01
  -6.2756823e-01
   3.0823220e-01
   2.2201256e-01
   9.8384353e-01
   7.9043607e-01
   5.4169169e-01
  -1.6033990e-01
   1.3313277e-02
   7.7683047e-01
  -1.3457624e-01
  -1.1891123e-01
  -5.6443110e-01
  -3.5697356e-01
  -1.0113451e+00
  -4.1854497e-01
  -2.3191883e-01
  -1.2247787e-01
  -5.5727575e-01
  -2.0289217e-01
  -1.7256773e+00
  -1.3870360e+00
  -1.4523177e+00
  -1.4409231e+00
  -1.2357970e+00
  -1.5018744e+00
  -2.6441463e-01
   5.6652083e-01
   3.1744719e-01
   8.0627620e-01
   7.3498265e-01
   7.4849804e-01
   1.0396666e+00
   1.9005170e+00
   1.4473446e+00
   1.2440317e+00
   8.2150855e-01
   5.9497265e-01
   1.4576457e+00
   4.5494304e-01
   1.1255791e-01
  -4.0145442e-01
   4.2104623e-01
  -6.5139216e-02
  -1.6162521e+00
  -4.8590507e-01
  -2.0743864e+00
  -6.4393121e-01
  -1.8634884e+00
  -1.3559625e+00
  -5.5082931e-01
  -1.5840034e+00
  -9.7765315e-01
  -1.0718331e+00
  -9.2215643e-01
  -1.1898991e+00
  -5.3322127e-01
  -1.1475814e+00
  -7.6242920e-01
  -7.7481669e-01
  -6.2118362e-01
  -4.4490850e-01
  -2.9865157e-01
  -7.0636849e-01
  -7.2998406e-01
  -4.3652624e-01
   3.1411183e-02
   2.1735420e-01
  -6.5238156e-01
  -2.0220044e-01
  -9.8987274e-01
   1.3704198e-01
   1.0485139e-01
  -5.5493453e-01
   2.7274568e-01
  -2.0244110e-01
  -2.3836895e-01
   1.3950367e-01
   1.6816011e-01
  -1.6702539e-01
   2.3153780e-03
   7.6354148e-01
   5.1303553e-01
   5.5712747e-01
   8.5393284e-01
   2.4671022e+00
   2.6746173e+00
   5.2184718e-01
   5.3241594e-01
  -3.0000895e-01
   9.9724221e-01
   8.3224584e-01
  -9.3004999e-01
   7.7786697e-01
   6.6921464e-01
   1.3811074e+00
   6.8101059e-01
   3.6963115e-01
   7.1412219e-01
   7.5222997e-01
   9.5956842e-01
   1.1172486e+00
   2.8006162e-01
   5.2620413e-03
  -7.4570870e-02
  -1.9687775e-01
   2.2255651e-01
   9.4630359e-03
  -8.7241899e-02
   3.9167045e-01
   5.3779447e-01
   7.5441919e-01
  -6.2743553e-02
   6.1514315e-01
   1.1374797e+00
   8.1447595e-01
  -1.4973274e+00
  -4.5283587e-01
  -1.3140526e+00
  -9.5261192e-01
  -1.7564140e+00
  -7.1019054e-01
  -6.2690742e-02
  -6.7947646e-02
  -4.2858405e-01
  -2.7374603e-01
   6.0415765e-03
  -3.4062673e-01
   4.3194467e-01
  -8.2836575e-01
  -9.0113925e-01
  -8.4008273e-01
  -1.0330492e+00
  -8.4290372e-01
  -1.1853725e+00
  -7.9931103e-01
  -9.8936840e-01
  -1.1184618e+00
  -5.7087522e-01
  -1.0285650e+00
  -1.8678947e+00
  -2.1917477e+00
  -1.4107416e+00
  -1.9820037e+00
  -1.7823740e+00
  -2.2859486e+00
  -1.6642132e+00
  -9.6582481e-01
  -6.2951779e-01
  -7.5522343e-01
  -5.1104585e-01
   1.3202967e-01
  -1.0356015e+00
  -2.8412117e-01
  -1.1897516e+00
  -3.6222102e-02
  -1.2609428e-01
   6.4617016e-02
   8.5826367e-01
   1.2146346e+00
   9.0975692e-01
   1.0633042e+00
   1.1839748e+00
   8.9399699e-01
   8.3488565e-01
  -5.6162852e-01
  -7.3106525e-01
  -1.1505189e+00
  -1.0346237e-02
  -1.0858872e+00
  -1.0737651e+00
   5.6905044e-02
  -5.4139614e-01
  -6.5936193e-01
  -1.1165285e+00
  -9.3685773e-02
   8.0672300e-01
   1.8008752e+00
   1.3640814e+00
   1.2512230e+00
   1.3137806e+00
   1.2202905e+00
   1.3147394e+00
   1.2449469e+00
   9.0415455e-01
  -5.3575310e-02
   1.6771742e-01
   2.2457655e-01
   3.9912372e-01
  -1.1060007e-01
  -2.5792479e-01
   2.7596879e-03
  -1.6702145e-01
  -2.5072398e-02
  -5.2537483e-01
  -3.7191236e-02
   4.5067726e-01
  -2.9150919e-02
   6.0855933e-01
   2.9989142e-01
   1.4183462e+00
   5.2741330e-01
   4.3964596e-01
  -7.8965064e-02
   6.4463207e-01
   5.2309488e-02
   8.1132194e-01
   3.1072087e+00
   2.3824087e+00
   1.3353238e+00
   2.4111300e+00
   2.2254676e+00
   1.5284092e+00
  -6.3334925e-01
  -3.4658046e-01
  -6.7860637e-01
  -7.9710992e-01
  -7.5450310e-01
  -1.5636860e+00
  -8.8818609e-01
  -6.6034693e-01
  -4.3876077e-01
  -6.8168368e-01
  -3.8710502e-01
  -5.5726740e-01
  -9.5114326e-01
  -2.4710360e-01
   5.3805383e-01
   2.7950878e-01
   3.8430103e-01
   9.6028392e-01
   8.1061677e-01
   4.3755449e-01
  -3.9187725e-01
   3.2585893e-01
   9.5522402e-01
   4.6953970e-01
  -1.6930086e+00
  -8.5191085e-01
  -8.8185355e-01
  -3.2985565e-01
  -3.1702952e-01
   8.9067970e-01
   2.3304373e+00
   3.2295339e+00
   2.8427952e+00
   2.8619410e+00
   2.4023173e+00
   2.6627401e+00
   1.8946935e+00
   1.1663631e+00
   5.2769083e-01
   7.3462740e-01
  -1.4089909e-01
   3.8786298e-01
  -4.7374118e-01
  -2.8850981e-01
  -7.7771502e-01
  -9.5931543e-01
  -3.9353661e-01
  -6.2974111e-01
  -1.6345208e+00
  -1.4606337e+00
  -1.6775643e+00
  -1.4195313e+00
  -1.4447417e+00
  -1.4784193e+00
  -9.3031389e-01
   1.4623626e-01
  -1.2378210e-01
   4.6112525e-01
   2.9592316e-01
   5.1092232e-01
   4.3466773e-01
   7.1771149e-01
   4.8949554e-01
  -5.5201214e-01
   4.9019608e-01
  -1.7680404e-02
   5.7554204e-01
  -1.9249958e-01
  -1.4573758e-03
   4.3784980e-01
  -1.8004417e-01
   4.5392753e-01
   6.6420525e-01
   4.6559875e-01
  -1.8343334e+00
  -1.2383565e+00
  -8.8938253e-01
  -1.3055357e+00
  -1.5337808e+00
  -2.0653057e+00
  -1.1712678e+00
  -6.5706672e-01
   1.6357627e-01
   1.3905971e+00
   2.0757274e+00
   2.1314795e+00
   1.4932829e+00
   1.4259399e+00
   7.4134375e-01
   1.1655962e+00
   1.0874341e+00
   9.6183663e-01
   2.1745688e-01
   4.8771318e-01
  -1.2594757e-01
   5.2241112e-01
   1.1830772e+00
   2.1424533e+00
   1.8818940e+00
   1.2780268e+00
   1.4562988e+00
   1.8744276e+00
   1.1911110e+00
   1.1963604e+00
   8.0489143e-01
   6.8433895e-01
   8.8715424e-01
   3.1299813e-01
   5.3005429e-01
   4.4265582e-01
   9.8274041e-01
   6.2501529e-01
   2.1918991e-01
  -3.4678227e-02
   3.8157478e-02
   4.3401629e-02
  -1.0690625e-01
   4.8874291e-01
   6.8083039e-01
   3.4185036e-02
   4.9977441e-02
  -3.0485969e-01
  -6.7933723e-01
  -7.7049912e-01
  -7.8755443e-01
  -2.4230939e+00
  -1.3589428e+00
  -2.3473893e+00
  -1.3962491e+00
  -6.4539469e-01
   1.0446982e+00
   2.2208086e+00
   1.4577140e+00
   1.2750407e+00
   1.1908955e+00
   1.2387292e+00
   5.1228441e-01
   4.7082235e-01
   7.5594872e-01
   1.4979914e+00
   1.3299748e+00
   1.2643498e+00
   9.9973982e-01
   1.0312701e+00
   1.1112449e+00
   4.4536160e-01
   9.1739388e-01
   5.5186032e-01
   4.3413797e-01
   1.3105971e+00
   1.1984282e+00
   2.1588115e+00
   1.4718551e+00
   1.6407518e+00
   2.5530687e+00
   2.1726574e+00
   1.2335597e+00
   1.6706446e+00
   2.2051521e+00
   6.4647484e-01
   7.5956920e-01
  -7.9384268e-01
   1.1708842e-01
   1.7140174e-02
   9.7510012e-01
   1.2017789e+00
  -3.7479371e-01
   6.7256427e-02
   5.7422163e-01
   1.1334456e+00
   1.1606712e+00
   8.4126200e-01
   3.6450351e-01
  -4.7094797e-01
  -2.7718400e-01
  -9.0935597e-01
   6.4143099e-01
   7.9564011e-01
   1.1306167e+00
   1.6694521e+00
   2.2628440e+00
   1.6342010e+00
   2.0888469e+00
   2.5469751e+00
   2.0007804e+00
   1.6006965e+00
   1.9274334e+00
   1.4006340e+00
   1.7550450e+00
   8.2342406e-01
   6.6881684e-01
   1.7098722e+00
   4.2231497e-01
  -6.2178593e-01
  -1.4372294e-01
  -1.4567734e-01
   8.3603149e-01
  -3.2007336e-01
   4.6174702e-01
   1.3579763e+00
   6.3247798e-01
  -3.3533319e-01
  -5.2136203e-01
  -5.0710489e-01
  -3.2896251e-01
  -9.9876914e-01
   2.0566035e-01
   9.0150551e-02
   5.4669216e-01
   3.7538201e-01
   5.2498288e-01
   1.0438389e+00
   4.7291974e-01
   4.6940325e-01
   1.0205794e+00
   9.1248444e-01
   1.1545030e+00
   1.7886038e+00
   2.2822452e+00
   1.7139953e+00
   1.8888187e+00
   1.0687477e+00
   1.1298655e-01
  -2.1068525e-01
   3.9397381e-01
   9.3119872e-01
   9.8351369e-01
   5.6610054e-02
   1.0807186e-01
   8.9275726e-01
   6.0288985e-01
   2.9730607e-01
  -4.0634167e-01
  -4.8882153e-03
  -4.2868620e-01
  -4.6436694e-01
   2.9618729e-01
  -7.4792755e-01
  -7.7846308e-01
  -2.0679763e-01
   6.8413410e-01
   5.2143803e-01
   4.9125187e-01
   7.8116403e-01
   1.2589858e+00
   2.5637360e-01
   1.9358988e+00
   2.2195917e+00
   7.4288311e-01
   1.1177980e+00
   1.1708950e+00
   1.3850916e+00
  -3.2518535e-01
  -5.8836488e-01
  -5.4543530e-01
  -8.0029939e-01
  -2.1609069e+00
  -8.1985442e-01
   8.0985129e-01
   2.1626256e+00
   1.9179093e+00
   1.0056419e-01
   3.8598068e-01
   4.1886490e-01
  -8.0262171e-01
  -5.6580017e-01
  -9.4978256e-02
  -3.9942354e-01
  -1.4722021e-01
   4.0248721e-02
   8.5335789e-01
   1.2732955e+00
   1.1423970e+00
   1.4473775e+00
   1.7974158e+00
   9.6952613e-01
   1.4761436e+00
   2.2041260e+00
   1.5062467e+00
   1.7358092e+00
   1.2796114e+00
   1.7647703e+00
   1.4175130e+00
   9.0465534e-01
   7.2840646e-01
   1.0906624e+00
   1.3329436e+00
   5.8059152e-01
   4.9968210e-01
   1.1380635e+00
   2.0277717e+00
   1.3391500e+00
   1.7707615e+00
   1.4932603e+00
   1.0635146e-01
  -8.6312000e-01
  -1.6026836e-01
   6.6465075e-01
   3.8784837e-01
   8.4403699e-01
   1.1667742e+00
   1.2961305e+00
   1.2316941e+00
   1.1542616e+00
   7.8229882e-01
   5.5585968e-01
   1.5588780e+00
   2.1350912e+00
   1.5302374e+00
   1.7726411e+00
   9.8132904e-01
   1.3255403e+00
   8.2800863e-01
  -1.4834080e-01
  -7.9687360e-01
  -6.6721447e-01
  -7.7189693e-02
  -1.4155261e-01
   5.5885920e-01
   4.5788402e-01
   6.7439658e-01
  -3.1286331e-02
  -1.4469536e-01
   1.0181033e+00
  -3.0873951e-01
  -3.7094182e-01
  -3.9999449e-01
  -1.9033200e-01
  -8.9495104e-02
  -3.0830059e-01
   4.3126324e-01
   7.2852374e-01
   9.2997570e-01
   6.7695536e-01
   8.7109930e-01
   8.9672258e-01
   1.1697428e+00
   1.4696870e+00
   1.3522693e+00
   1.8084680e+00
   7.4698134e-01
   1.4051566e+00
   1.8989893e+00
   3.4061435e-01
  -2.7810535e-01
   5.0850217e-01
   6.1580258e-01
  -1.1991011e-01
  -3.0998391e-01
   7.8309277e-02
   1.6790449e+00
   2.5520321e+00
   1.7700182e+00
   2.3720650e+00
   1.2123246e+00
   9.3726183e-01
  -9.3513889e-01
   1.4989353e+00
   1.2653381e+00
   1.5275878e+00
   1.3771453e+00
   1.3483185e+00
   1.9847900e+00
   1.4904571e+00
   1.8894019e+00
   2.1098194e+00
   1.9163937e+00
   1.9889953e+00
   1.7013107e+00
   1.4786903e+00
   1.9912035e+00
   1.3848796e+00
   8.6937297e-01
   2.7863173e-01
   7.4473462e-01
   1.1001115e+00
   1.8559372e+00
   1.8813183e+00
   9.9768422e-01
   5.5836049e-01
   1.1662417e+00
   1.0550194e+00
   2.0138426e+00
   1.5034775e+00
   9.2899769e-01
   1.6457780e-01
   4.3550832e-01
   4.7264737e-01
   3.2634731e-01
   3.8646339e-01
   1.2901072e+00
   1.2656479e+00
   1.2920704e+00
   1.1013080e+00
   5.7343586e-01
   8.4749619e-01
   8.4263375e-01
   1.3582888e+00
   3.3791480e-01
   1.2916356e+00
   1.9423328e-01
   5.4566964e-01
   1.0609572e+00
   8.8247913e-01
   8.4281396e-01
   7.2643864e-01
   2.4548385e-01
   5.2383130e-01
  -1.3816507e-02
  -1.0505883e-01
   8.7872437e-05
   8.7611650e-01
   1.1223008e+00
   1.2497774e+00
  -3.8547017e-01
  -1.9250142e-01
  -6.8473889e-01
  -1.2140640e+00
   2.7524109e-01
   6.2390824e-02
  -3.6573068e-02
   9.2608131e-01
   4.4448582e-01
   1.3217937e+00
   1.3710042e+00
  -4.9126102e-01
   9.0886322e-01
   1.6230890e+00
   1.4178740e+00
   2.1433869e+00
   1.0595074e+00
   1.0044368e+00
   9.1966763e-01
   1.0592706e+00
  -1.2938664e-01
  -3.2156870e-01
   1.0031455e-01
   3.3816152e-01
  -1.8338233e-01
  -4.1129089e-01
   1.5506513e+00
   1.2601760e+00
   1.8916777e+00
   2.5155905e+00
   2.5090662e+00
   4.1846625e-01
   4.8011244e-01
   1.7931917e-01
   1.2002103e+00
   1.6461184e+00
   1.1474395e+00
   1.5300208e+00
   1.5051475e+00
   1.6931362e+00
   8.6492326e-01
   9.0695868e-01
   1.3904153e+00
   2.9104957e+00
   2.6586461e+00
   1.9834453e+00
   2.0084062e+00
   1.5761338e+00
  -4.2801093e-01
   3.6531859e-01
  -4.8237488e-01
  -1.2422574e+00
  -7.1952224e-01
  -2.4149942e-01
  -3.0399709e-02
  -7.9157810e-01
  -2.5221260e-01
  -8.5738673e-02
   7.6724330e-02
   7.2957137e-01
  -2.1999286e-01
  -1.0679287e+00
  -1.1853642e+00
  -1.0870645e+00
  -1.1149886e+00
  -3.2838460e-01
  -3.2652685e-01
   4.3143552e-01
   1.3671139e-01
  -2.7851896e-01
   2.9714560e-01
   8.8968637e-01
   5.6246750e-01
   1.2364889e+00
   1.3942625e+00
   1.7207319e+00
   1.5923770e+00
   8.5147674e-01
   8.6200731e-01
   3.5852721e-01
  -2.5845647e-01
  -3.7315530e-01
  -4.5453786e-01
  -1.2882392e+00
  -8.6205210e-01
  -1.0955255e+00
  -2.1350889e-03
  -2.0562540e-01
  -4.2598181e-01
  -1.4168722e-01
  -7.8226255e-01
  -1.4590684e+00
  -1.3786136e+00
  -9.8599497e-01
  -9.8114528e-01
  -6.3208029e-01
  -5.4176213e-01
  -3.8131845e-01
  -5.0305987e-01
   1.5091133e-01
  -1.5755423e-01
   1.1085402e+00
  -3.9057585e-01
  -1.5605916e-01
   1.3018029e-01
  -1.3637668e-01
   1.3867576e+00
   3.2548263e-01
   3.9964519e-01
   5.5752248e-01
   3.8327798e-01
  -4.1769773e-01
  -8.8815596e-01
  -3.8297953e-01
  -1.2770854e-01
  -9.4478624e-01
   2.8786335e-02
  -1.2223138e-01
  -4.5673939e-01
  -5.5593203e-01
  -2.3274623e-01
  -3.5770610e-01
  -1.5849864e+00
  -1.2564714e+00
  -1.5891950e+00
  -8.2399878e-01
  -1.3644093e+00
  -4.8141730e-02
   8.1989597e-01
   7.5315053e-01
   1.0083479e+00
   1.4641542e+00
   1.4513073e+00
   1.8517103e+00
   1.3046119e+00
   6.5661327e-01
   1.0404259e+00
   8.7463533e-01
   1.4750849e-01
   9.3215259e-01
   2.0580377e-01
   1.0045453e-01
   3.2468277e-01
  -1.5111109e-01
  -3.8025032e-01
  -1.2952681e+00
  -1.2202642e+00
  -2.3645622e-01
   5.6018940e-01
  -1.1318824e+00
  -1.0022210e+00
  -5.7802670e-01
  -3.9567463e-01
  -1.1280467e+00
  -1.3529137e+00
  -1.0343655e+00
  -9.4499758e-01
  -3.5938677e-01
  -2.2573825e-01
   2.0097897e-01
  -4.5636413e-01
  -2.4106520e-01
   4.0381482e-01
   8.0771781e-01
   1.6442862e-01
   7.5865952e-01
  -2.5425194e-01
   7.1795877e-01
   1.5914957e+00
   2.0319168e+00
   9.6121606e-01
  -4.6099658e-01
  -8.8006725e-01
  -1.8205636e+00
  -1.7955272e+00
   9.3895681e-02
  -2.9067753e-01
  -6.6269939e-01
   3.1087651e-01
  -6.1738434e-01
  -3.1812592e-01
   6.6188764e-03
  -4.3115060e-01
  -1.1635298e+00
  -6.0466873e-01
  -1.0490693e+00
  -1.1159506e+00
  -1.3013748e-01
  -1.6032967e-01
   4.5176002e-01
   3.7670651e-01
  -6.0328130e-01
  -1.4555891e-01
   3.4275740e-01
  -2.1135994e-01
   3.7036779e-01
   7.0701187e-01
   1.8005773e+00
   1.5767118e+00
   2.2277108e+00
   9.0893771e-01
   1.0455329e-01
  -1.2763031e-01
  -7.3594618e-01
  -1.3132954e+00
  -2.3994668e-01
  -7.5405009e-01
  -1.6976716e+00
  -1.0242161e+00
  -1.1934080e+00
  -1.4324984e-01
  -5.4247835e-01
  -3.2569185e-01
  -6.1155756e-01
  -9.1085234e-01
  -1.1826521e+00
   1.1074392e-02
  -9.9475116e-01
  -1.4545709e+00
  -4.2431032e-01
  -1.0390251e+00
  -7.9532829e-01
   4.1071662e-01
   1.3031500e-01
   1.1607386e+00
   8.6059458e-01
   9.7745646e-01
   5.6883757e-01
   1.6549562e+00
   1.9784529e+00
   1.6958904e+00
   1.6062814e+00
   1.3480733e+00
   9.5958620e-01
   6.7379000e-02
  -9.0525696e-01
  -8.5527460e-01
  -3.3506741e-01
  -1.6605324e+00
  -4.3568094e-01
  -1.3730493e+00
  -5.3629746e-01
  -1.8540070e-03
   4.4176141e-01
   4.6829038e-01
   9.1332922e-01
  -5.7663096e-01
  -2.9515477e-01
  -1.2854436e+00
  -4.2704580e-01
  -6.0040228e-01
  -7.1412455e-01
  -4.7491696e-01
  -3.8417901e-01
  -8.6229050e-03
   7.8869904e-01
   4.6028360e-01
  -7.1040093e-01
  -6.9731203e-01
  -2.3919014e-02
  -1.5190846e-01
   5.3949700e-01
   8.7052480e-01
   1.2079177e+00
   9.9382154e-01
  -8.4028584e-02
  -1.3632098e+00
  -8.2383278e-01
  -5.5064176e-01
  -1.6182721e+00
  -1.0985722e+00
  -7.0221308e-01
  -8.5034228e-01
   9.8089378e-02
  -7.1463372e-01
   9.2344557e-02
  -6.2203054e-02
  -4.4618829e-01
  -3.8419015e-01
  -5.7208520e-01
  -6.5840591e-01
  -6.7597059e-01
  -8.2446276e-01
  -7.3012244e-01
  -1.6405552e-01
   2.1416971e-01
  -7.4505600e-01
  -2.7852195e-01
   3.6577453e-01
   6.5100781e-01
   1.6663641e+00
   1.5282916e+00
   2.5380642e+00
   1.2778109e+00
   1.0690420e+00
   1.2849955e+00
  -1.1787812e-01
   2.4274652e-01
   3.9284486e-02
  -8.3470175e-01
  -2.7087598e-01
  -9.8947419e-01
   4.0959843e-01
  -1.6815983e-01
   4.1939836e-01
   2.3626912e-01
  -1.6852524e-01
  -2.7542953e-01
  -3.1663645e-01
  -1.9845049e+00
  -1.0764026e+00
  -8.2265676e-01
  -3.3231557e-01
   2.4438997e-01
  -4.9704498e-01
   1.0264440e-01
   5.3907340e-01
  -1.7625739e-01
   1.2786532e-02
   4.1971849e-01
   4.2388732e-01
   5.5431238e-01
   4.5478993e-01
   4.3427201e-01
  -2.8327466e-02
   2.4529701e-01
  -7.0512412e-01
  -5.6111383e-01
  -1.0313184e+00
  -4.5733114e-01
  -9.8068193e-01
  -1.5626884e+00
  -5.6152047e-01
   1.5082427e-01
  -3.0783165e-01
   6.0123400e-02
  -1.5635213e-01
  -1.4034183e+00
  -1.6969261e+00
  -9.5776268e-01
  -1.2603483e+00
  -5.9885039e-01
  -2.3481566e-01
  -1.0398089e+00
  -9.8158926e-01
  -2.9499518e-01
   3.5479194e-02
   2.0838230e-01
   3.1991537e-01
   3.7385151e-02
   3.7364057e-01
   8.1666236e-01
   6.5986442e-02
   1.1839617e+00
   1.0166152e+00
   7.4519265e-01
  -7.1690721e-01
  -9.8284778e-01
  -1.8455863e+00
  -1.8643708e+00
  -1.5326438e+00
  -1.5630842e+00
  -1.2772917e+00
  -1.0432725e-01
  -1.7204803e-01
   6.4260909e-01
   6.0432116e-01
  -9.3792979e-01
  -4.4222838e-01
  -1.2794383e+00
  -6.0898263e-01
  -2.9024539e-01
  -5.7511467e-01
  -4.0850209e-01
  -8.7942335e-03
   1.0238601e+00
   8.5069435e-01
   4.2088108e-01
  -8.3683256e-03
   4.1147049e-01
   1.6528850e+00
   1.1505586e+00
   1.4637581e+00
   1.4820459e+00
   1.5065527e+00
   2.7442033e-01
  -1.1379035e+00
  -1.2405799e+00
  -7.4521921e-01
  -8.7560198e-01
  -1.1885415e+00
  -1.4278640e+00
  -8.3809848e-01
   1.0831295e+00
   2.3628590e-01
  -4.0724868e-01
   7.6731396e-02
  -8.7672332e-01
  -1.2924057e+00
  -5.0084855e-01
  -9.4751833e-01
  -1.0725496e+00
  -1.5370443e-02
   1.0212024e+00
   4.9878915e-01
   1.1805930e+00
   1.3839387e+00
   1.0217042e+00
   1.6687201e+00
   1.1927275e+00
   1.5336196e+00
   8.9256799e-01
   1.7243641e+00
   1.2511149e+00
   1.0025452e+00
  -2.2367100e-01
   1.4934644e-01
  -3.4522160e-01
   1.3449727e-01
  -7.7304516e-01
  -1.1008378e+00
  -3.2296143e-01
  -1.3584201e+00
  -4.5809075e-01
   7.9703067e-02
  -4.0481816e-01
   1.2939311e-01
  -3.1175638e-01
  -1.3978300e+00
  -1.4246651e+00
  -1.7683316e+00
  -1.6262854e+00
  -7.8259787e-01
  -9.0602335e-01
  -6.4468689e-01
   2.1771446e-01
   3.6422990e-01
   5.2642288e-01
   1.3690280e-01
   1.3059786e-01
  -1.6652023e-02
   2.8082994e-02
   1.2447097e+00
   9.4501190e-01
   1.1330862e+00
   7.4422853e-01
  -2.1225532e-02
  -9.3329071e-01
   1.7502852e-01
  -1.1233798e+00
  -9.5604408e-01
  -4.0988884e-01
  -8.2199004e-01
  -1.0696639e+00
  -1.3430254e-01
  -2.4561261e-02
   2.8949890e-01
  -6.9441185e-01
  -1.4398086e+00
  -8.5057753e-01
  -1.1340391e+00
  -1.0623847e+00
  -1.0549334e+00
  -6.3142335e-01
  -2.3132568e-01
   3.7943491e-02
   5.3329890e-01
   1.0193719e+00
  -1.1942938e-02
  -6.8880441e-02
   5.8642796e-01
   1.3933277e+00
   1.1219691e+00
   1.3376788e+00
   1.6654618e+00
   4.4311022e-01
   7.6801284e-02
  -9.1493785e-01
  -1.3944205e+00
  -1.1906473e+00
  -1.8345519e+00
  -1.4053949e+00
  -1.1593886e+00
  -1.1608037e+00
   4.0030270e-01
   4.9954892e-01
  -3.3045949e-01
  -6.0457391e-01
  -8.7594075e-01
  -1.4219608e+00
  -1.7860008e+00
  -1.1529480e+00
  -9.3340908e-01
  -4.7466400e-01
  -7.2152338e-01
  -2.4068354e-01
  -1.9218855e-01
   6.1329868e-01
  -2.8813633e-01
   9.7671683e-01
   3.6237559e-01
  -1.1505694e-01
   3.3521410e-01
   8.4555054e-01
   8.3968097e-01
   3.6745029e-01
   3.5804612e-01
   9.0367003e-01
  -8.9817466e-01
  -8.6755552e-01
  -9.3820140e-01
  -1.0244015e+00
  -7.3693254e-01
  -8.8596549e-01
  -4.9232214e-01
   2.3781580e-01
   1.1972533e-01
  -8.4448025e-02
  -9.9358910e-02
  -1.1887880e+00
  -5.0820901e-01
  -6.3091075e-01
  -1.3026085e+00
   5.2350311e-03
  -7.7882426e-01
  -3.6595974e-02
  -3.2949948e-01
  -1.3235814e-01
   6.0712346e-02
   4.8179445e-01
   2.7367343e-01
   1.7757798e-01
   6.7717383e-01
   2.9046919e-01
   5.0344096e-01
   2.6935298e-01
  -8.9536523e-01
   4.1068788e-01
  -1.1849737e+00
  -5.1687270e-01
  -1.8560480e-01
  -6.0394890e-01
  -6.4805570e-01
  -4.1156363e-01
  -1.1040181e+00
  -6.9300004e-01
  -8.5408235e-02
  -1.1996206e+00
  -2.2961794e-01
  -8.7005990e-01
  -1.2657532e+00
  -1.6743993e+00
  -1.4331802e+00
  -1.9721005e+00
  -7.9262399e-01
  -8.4237558e-01
   4.3867854e-01
   1.2922471e+00
   1.4584109e+00
   1.3029734e+00
   1.3260313e+00
   1.2175951e+00
   2.2333586e+00
   2.4165751e+00
   1.4711619e+00
   1.3909998e+00
   8.1213464e-01
   3.4442029e-01
  -2.9426815e-02
  -1.5770870e-01
  -3.7158414e-01
  -1.6346129e+00
  -8.4040688e-01
  -1.2010988e+00
  -1.4293462e+00
  -2.4771412e-01
   1.8490953e-02
  -1.9404426e-01
   1.1655747e-02
  -5.7836016e-01
  -8.4044105e-01
  -1.9841429e+00
  -9.5162472e-01
  -1.8440918e+00
  -9.7245308e-01
  -9.6422895e-01
  -1.6893243e-01
   2.8383629e-01
  -3.9818030e-01
  -1.0771229e-01
   3.4884660e-01
   5.4902524e-01
   8.6001463e-01
  -4.0469829e-01
  -4.9802084e-03
   8.1050992e-01
  -2.5238144e-01
  -4.8835674e-01
  -2.1916968e-01
  -9.2584061e-01
  -1.1565400e+00
  -1.1309178e+00
  -1.7397432e+00
  -8.4527940e-01
  -1.4545855e+00
  -1.6053156e+00
  -1.9739698e-02
   4.6895099e-02
  -6.2170020e-02
  -3.4340720e-01
  -1.3099133e+00
  -1.1280031e+00
  -7.9346947e-01
  -1.0611374e+00
  -1.2456179e+00
  -1.5746098e+00
  -2.0129146e-01
   7.8371336e-01
   2.0203227e-01
  -3.4505249e-01
  -5.4971256e-01
  -5.1294697e-01
  -1.7729096e-01
   3.7101540e-01
   2.2065221e-01
  -8.0073334e-02
  -3.3587553e-01
  -3.3093688e-01
   4.2868870e-03
   7.9226822e-02
  -9.9693562e-01
  -8.0791661e-01
  -7.6461422e-01
  -5.2010045e-01
  -6.0961509e-01
  -1.2497858e+00
  -1.4160491e+00
  -6.1821350e-01
  -7.4962664e-01
  -1.4087101e-01
   2.8511184e-01
  -8.8255667e-01
  -5.0483169e-01
  -4.1353867e-01
  -3.5255675e-01
  -2.7342047e-01
  -5.8290355e-01
  -4.2245076e-01
  -1.3095822e+00
  -5.4048405e-01
   4.4414370e-01
   1.0069881e+00
   7.6287931e-01
   4.9216347e-01
   2.1947737e-01
   7.7540500e-01
   5.7274375e-01
   9.5539423e-01
   5.6003130e-01
   5.0024982e-01
  -3.0215386e-01
  -2.6946656e-01
   3.1244200e-01
   7.7090772e-01
  -4.5953695e-01
  -2.7850669e-02
  -7.2109431e-01
  -1.0172143e+00
   6.2946814e-01
   8.5759587e-01
   7.4483936e-01
   2.7606673e-01
  -1.0736797e+00
  -1.4356864e+00
  -1.2473768e+00
  -4.6561756e-01
  -1.1724876e+00
  -1.0027836e-01
   6.0901118e-01
   1.2889597e+00
   5.7976247e-01
   9.4526224e-01
   1.3598134e+00
   1.3496552e+00
   8.9123586e-01
   1.2544276e+00
   9.9989183e-01
   1.7879732e+00
   7.9622046e-01
   8.5306460e-01
   1.1516061e-01
  -9.9741317e-01
  -1.8918906e-01
  -3.8982970e-01
   8.0018927e-02
  -4.3256875e-01
  -4.8923871e-01
  -8.4355792e-01
   1.1933526e-02
  -3.0357832e-01
  -9.6152993e-01
  -3.7464026e-01
  -1.2434089e+00
  -1.0377027e+00
  -1.1495284e+00
   9.5629437e-02
  -2.1511574e-01
  -5.9084544e-01
   3.9063932e-01
   1.2828645e+00
   1.8808676e+00
   1.5482335e+00
   1.6714373e+00
   1.0502779e+00
   1.3785812e+00
   1.0809160e+00
   1.0745566e+00
   1.8161293e+00
   1.3585520e+00
   4.8870680e-01
   1.3265445e+00
  -8.3113355e-01
  -5.9191514e-01
  -1.2181877e+00
  -1.0144485e+00
  -1.1684244e+00
  -1.1235092e+00
  -1.0793674e+00
  -5.5602032e-01
   3.8859007e-01
   2.9490172e-01
  -6.0836747e-01
  -1.2996497e-01
  -1.4418734e+00
  -9.5446987e-01
  -1.0403897e+00
  -7.1147593e-01
  -1.2433800e+00
  -6.8604394e-01
  -1.3071685e-01
  -5.6935166e-01
  -1.1651219e-01
   1.0088545e-01
  -1.2279455e-01
   1.1950075e-01
  -2.1041253e-01
   6.7664203e-01
   1.6710039e-01
   3.2210308e-01
   4.8677056e-01
   4.6351279e-01
   5.8172241e-02
  -8.8681952e-01
  -5.1340942e-01
  -7.6935751e-01
  -8.2092662e-01
  -5.1049815e-01
  -1.0715399e+00
   3.2918018e-01
   6.7798818e-03
  -2.2475146e-01
  -5.2580906e-01
  -1.6702674e-01
  -1.4438270e+00
  -1.7580694e+00
  -9.9106382e-01
  -1.0716231e+00
  -4.8113118e-01
  -1.2336065e+00
  -1.2992589e-02
   7.7560456e-01
   1.3270536e-01
   1.2472188e+00
   1.6526033e+00
   1.8065618e+00
   2.1542278e+00
   3.1048404e+00
   2.6653969e+00
   3.7924225e+00
   2.0227319e+00
   1.3477493e+00
  -1.6666268e-01
  -3.5139697e-01
  -9.9372162e-01
  -5.5797588e-01
  -2.7638467e-01
  -2.5829896e-01
  -1.8425044e-01
  -3.3746143e-01
   3.1742644e-01
  -2.4071102e-01
  -5.2268821e-01
  -7.7142507e-01
  -3.1570012e-01
  -6.6911529e-01
  -6.9085552e-01
   8.0105797e-01
   9.3911282e-01
   7.4647528e-01
   7.0279703e-01
   1.5914158e+00
   2.1789388e+00
   1.8181336e+00
   1.8688130e+00
   1.6443122e+00
   1.9335381e+00
   1.5823764e+00
   1.2996247e+00
   1.1500952e+00
   1.5251005e+00
   8.0968819e-02
   1.1575053e+00
   1.0330874e+00
  -1.8763977e-01
   7.6982886e-02
   8.9888517e-01
  -3.6773923e-01
   7.0763079e-01
  -2.2575831e-01
   2.1276740e-01
   5.2030332e-01
  -4.3269283e-01
  -8.7850288e-01
  -2.9243090e-01
  -1.4396084e+00
  -1.0143367e+00
   1.4645216e-01
   4.8311045e-02
  -1.6804286e-01
  -5.1283151e-01
   1.6872640e-01
  -5.9465624e-01
   1.8577658e-01
   7.6440675e-01
   1.0483398e+00
   6.8518086e-01
   9.2070510e-01
   1.1777225e+00
   6.1490767e-01
   1.0492639e+00
   4.0059415e-01
  -7.1295774e-01
   1.6281099e-01
  -7.9406334e-01
  -1.8386625e-01
   5.8874347e-01
   1.8655724e+00
   6.6388227e-01
  -6.7246450e-01
  -1.2115827e+00
  -8.9764921e-01
  -1.3761815e+00
   2.2576916e-01
  -9.3827023e-02
  -1.6268229e+00
  -1.6196673e+00
  -1.1153124e+00
  -6.2312819e-01
  -1.3381328e-01
  -5.0975173e-01
   7.5576745e-01
   3.5843581e-01
   9.0469522e-01
   1.2707859e+00
   1.5267787e+00
   1.6101460e+00
   2.1350354e+00
   2.5821843e+00
   2.6504570e+00
   1.8571522e+00
   1.9753609e+00
  -2.4508243e-01
   6.8713403e-01
   1.7452519e-01
  -3.0119980e-01
  -5.1228144e-01
  -2.2839083e-01
  -4.3733981e-01
  -2.5062869e-01
  -1.4735799e+00
  -5.3416775e-01
  -2.0290985e-01
  -7.9074459e-01
  -9.7071468e-02
  -5.0726989e-01
  -1.9825832e+00
  -7.7918160e-01
  -1.3507719e+00
  -2.5209870e-01
  -2.0729364e-02
  -1.7107083e-01
  -2.0396603e-01
   5.7960916e-01
  -7.4427804e-01
   2.7308582e-02
  -6.8964755e-01
  -1.2547750e+00
   4.6012629e-01
   8.3577345e-01
   1.0568453e+00
   1.8797851e+00
   3.7192145e-01
   1.0393357e+00
   1.1253932e+00
   5.9583519e-01
   8.3265646e-01
  -2.7971248e-01
   4.5354036e-02
  -3.2396615e-02
   7.7828490e-03
  -7.8528931e-01
   8.3808581e-01
   7.8841655e-01
   7.1185457e-01
  -1.0693087e-01
  -1.1703011e+00
  -8.7983696e-01
  -8.9592650e-01
  -1.9067979e-01
  -4.0525332e-02
   3.1052479e-01
   5.0637085e-01
   4.5359108e-01
   2.7359492e-01
   5.7432282e-01
   3.9732713e-01
   8.9692456e-01
   9.3467298e-01
   3.5632954e-01
   5.6560407e-01
   1.7121299e-01
   2.3543567e-01
   5.9439167e-01
   1.1293732e+00
   4.1452053e-01
  -9.0799754e-01
  -1.3602038e+00
  -1.3984693e+00
  -2.0185292e+00
  -9.8358357e-01
  -1.6762457e+00
  -1.1869663e+00
  -4.6721296e-01
  -2.9939776e-02
  -8.7160648e-01
  -1.4101176e+00
  -1.8314393e+00
  -1.5314067e+00
  -1.6238093e-01
   6.2255315e-01
  -5.6018900e-02
   3.4601558e-01
   4.6776123e-02
  -3.8004192e-02
  -3.4153934e-01
  -3.6491257e-01
   5.7068562e-01
  -4.2080469e-01
  -8.5276293e-01
  -7.3760348e-01
   5.3541767e-01
   2.9874263e-01
   2.4205445e-02
   3.2390264e-01
   1.6528346e-01
  -1.7069666e+00
  -1.8661713e+00
  -1.5544554e+00
  -1.1960791e+00
  -8.8021321e-01
  -1.4881603e+00
  -5.1233885e-01
  -3.5786352e-01
  -8.1210443e-01
  -7.9875616e-01
  -4.2079355e-01
  -1.3461867e+00
  -1.5868557e+00
  -1.2771409e+00
  -1.0646723e+00
  -8.4285327e-01
  -1.3973957e+00
  -1.4345574e+00
  -4.7497283e-01
  -7.3286051e-01
  -2.7352525e-01
  -1.9123721e-02
  -3.6085229e-01
  -1.4342775e-01
   2.8553431e-01
   2.7340398e-01
   5.4734697e-01
   1.6779335e-01
  -2.8212284e-01
   5.8134457e-02
  -9.2357300e-01
  -1.5233971e+00
  -1.3027107e+00
  -5.9103810e-01
  -2.4661228e-01
   2.0608310e-03
  -1.4121333e-01
   6.1667495e-01
  -5.2717227e-03
  -5.5681862e-01
   3.2084697e-02
  -1.2112374e+00
  -9.0823635e-01
  -3.7798480e-01
  -2.9605753e-01
  -1.0629660e-01
   2.8885334e-01
   4.1509478e-01
  -4.6545877e-02
   5.8665526e-02
   6.2538244e-01
   6.2291478e-01
  -1.0961163e-01
   9.2712490e-01
   8.5281289e-01
   1.8431109e+00
   1.7711913e+00
   2.4804130e+00
   2.2706560e+00
   1.1044960e+00
   1.0267371e+00
  -4.1525961e-01
  -8.5734123e-02
  -7.1369882e-01
  -1.2071122e+00
  -2.9067703e-01
  -4.5591909e-01
  -6.7225893e-01
  -6.5338986e-01
  -9.4675405e-01
  -8.7919659e-01
  -5.5044320e-01
  -1.2359967e+00
  -2.0097280e+00
  -1.3763464e+00
  -8.3805139e-01
  -1.4445258e+00
  -1.0339697e+00
  -1.2049258e+00
   2.0245325e-02
  -1.1666587e+00
  -7.8672630e-01
  -6.6061069e-01
  -5.7325356e-01
   2.5160901e-01
   3.9436286e-01
  -8.6315951e-01
  -1.0879811e+00
   6.6188040e-01
   2.4038092e-01
   5.4258661e-01
  -2.7989726e-01
  -8.7670869e-01
  -6.6251416e-01
  -1.6517233e+00
  -1.7249415e+00
  -1.6420982e+00
  -1.0830618e+00
  -4.0858020e-01
  -2.6315986e-01
  -3.7609851e-01
  -9.4488177e-01
  -8.6996861e-01
  -2.1927845e+00
  -1.8765998e+00
  -1.1929921e+00
  -1.2624996e+00
  -8.9655636e-01
  -9.3627416e-01
  -6.5711054e-01
   2.0378322e-02
  -2.1260829e-01
   9.2958145e-01
   1.1948638e+00
   2.1366904e+00
   1.7297623e+00
   2.2904301e+00
   2.4642598e+00
   1.5670157e+00
   1.6604531e+00
   8.8977779e-02
   5.6527833e-01
   1.0547413e-01
  -6.4866246e-01
  -6.4833804e-01
   3.0432988e-01
  -4.3929260e-01
  -1.2415036e+00
  -1.0727365e+00
  -9.7859174e-01
   1.0264206e-01
  -3.1233527e-01
  -6.4852870e-01
  -5.7422805e-01
  -1.7004806e+00
  -1.9807951e+00
  -1.5298277e+00
  -9.7072404e-01
  -7.1572917e-01
  -9.5496622e-01
  -3.7034969e-01
  -9.9240205e-01
   2.6277046e-02
   1.6787904e-01
   7.0992522e-02
   5.2420848e-02
   3.6807135e-01
   9.6832767e-01
   2.9473455e-01
   1.7471495e+00
  -4.1566439e-02
   3.2838704e-01
   6.2750942e-01
   9.2774686e-02
  -1.5200967e-01
   4.4623765e-01
   8.7914968e-03
  -7.6422927e-01
  -9.5828960e-01
  -4.8354303e-01
  -6.1355202e-01
  -8.9195620e-01
  -1.0723623e+00
  -1.0648595e+00
  -2.6156687e+00
  -2.3279916e+00
  -9.5074135e-01
  -7.6275111e-02
  -1.1260307e+00
  -1.2057459e+00
   2.2490548e-02
  -7.3882202e-02
  -3.9425543e-01
  -3.0802724e-01
   3.4055498e-01
   1.1305986e-01
  -4.0500604e-01
   1.5628579e-01
  -5.9937487e-01
  -1.2910036e-01
  -2.6465713e-01
  -3.0113981e-01
  -3.0190108e-01
   1.9291645e-01
  -1.4397212e+00
  -1.4093346e+00
  -1.7108821e+00
  -1.4819557e+00
  -1.3888258e+00
  -1.3465692e+00
  -1.7874729e+00
   3.4075971e-01
  -1.8621357e-01
   5.9145408e-01
  -1.2706124e+00
  -1.8945530e+00
  -1.2861024e+00
  -1.0531127e+00
  -6.0996341e-01
  -4.4103711e-01
  -1.2636557e+00
  -9.3748169e-01
  -3.9996023e-02
  -1.0573364e+00
  -5.9891744e-01
  -4.7793411e-01
   4.3801397e-01
   6.7821763e-01
   3.2052850e-01
   8.5188957e-01
   8.8708480e-01
   5.5961647e-01
   6.8815720e-03
   8.3007757e-01
   1.0941345e+00
  -4.3921939e-01
  -1.1574116e+00
  -1.6570927e+00
  -1.4364618e+00
  -1.0660378e+00
  -1.3563391e+00
  -1.5182762e+00
   2.2328694e-01
   3.5780887e-01
  -1.3511218e-01
  -4.4830463e-01
  -1.5412375e+00
  -1.3152619e+00
  -1.7208083e+00
  -5.0639342e-01
  -1.9727260e-01
  -6.7795016e-01
  -3.0746945e-01
   6.3381544e-02
  -3.7257698e-01
   9.1337813e-01
  -6.4427133e-02
  -3.4061604e-01
   8.1628483e-01
   1.1940264e+00
   2.9433696e-01
   4.5425523e-01
   5.0870515e-01
  -8.1850629e-01
   1.3049112e+00
   3.2504905e-01
   1.2980889e-01
  -1.6418088e-01
  -4.3898163e-01
  -2.1991680e-01
  -2.4996630e-01
  -1.2497915e+00
  -1.1872016e+00
   9.3303730e-02
  -7.6097144e-02
  -3.6425904e-01
  -1.1392410e+00
  -1.4921799e+00
  -1.4752989e+00
  -1.4233899e+00
  -9.2992272e-01
  -9.9135843e-01
  -5.5535927e-01
  -1.5258083e-01
  -4.2660418e-02
  -2.2280459e-02
  -4.6809008e-01
  -3.8714699e-01
  -8.1211014e-01
   1.9143219e-01
  -3.6811974e-02
  -8.6410680e-02
   5.7151214e-01
   1.6264293e+00
   5.5464137e-01
   6.9728870e-01
  -2.2300387e-01
  -9.9225291e-01
  -1.6740691e+00
  -6.7457319e-01
  -1.2102385e+00
  -1.4645106e+00
  -2.0429210e+00
  -8.7345600e-02
  -4.0511430e-01
  -8.1226781e-01
  -6.7091716e-01
  -1.8924241e+00
  -1.6317469e+00
  -7.6409463e-01
  -9.5188967e-01
  -9.3569301e-01
  -9.1421764e-01
  -2.1997023e-01
  -1.9292262e-01
   4.9532416e-01
  -3.6630567e-01
  -1.9751918e-02
   4.8025602e-01
   6.1384803e-01
   6.2123070e-01
   6.9581469e-01
   5.3412182e-01
   5.6549684e-01
   1.4142484e-01
   9.1253080e-01
   1.2103318e+00
   2.1238231e-01
  -7.8714254e-01
  -5.5437449e-01
  -1.7429977e+00
  -1.2326300e+00
  -2.0518407e+00
  -2.7757014e+00
  -8.0104929e-01
  -5.3122893e-02
   3.8971234e-02
  -1.5543729e+00
  -1.1371071e+00
  -1.3433255e+00
  -1.1026082e+00
  -1.5924228e+00
  -6.5493328e-01
  -9.4686978e-02
   1.1639988e+00
   1.4402961e+00
   1.1419259e+00
   1.8234209e+00
   1.5604964e+00
   1.3782208e+00
   1.5924540e+00
   1.4634737e+00
   8.5219771e-01
   1.3058652e+00
   1.5020432e+00
   2.4514828e-01
   1.5813941e+00
   2.0351489e-01
   3.8467976e-02
  -1.0127176e+00
  -2.5447710e-01
  -1.0354006e+00
  -1.1565235e+00
  -1.5139679e+00
  -2.2459928e+00
  -9.6937503e-01
  -6.8576157e-01
  -8.5857848e-02
  -1.6356618e+00
  -1.6534431e+00
  -1.0547269e+00
  -7.5666676e-01
  -6.8654859e-01
  -2.0141825e-01
   2.8748862e-01
   9.9190280e-01
   6.4405565e-01
   3.3206982e-01
   2.7334410e-01
   7.6050738e-03
   4.6385663e-01
   1.3519919e+00
   2.5578005e+00
   2.7083168e+00
   2.0289487e+00
   2.2701481e+00
   1.3576766e-01
   1.3997835e+00
   4.9359305e-01
   5.1163557e-01
  -6.4014643e-01
  -3.5712184e-01
  -3.3865565e-01
  -1.7158696e+00
  -9.6950568e-01
  -9.3416290e-01
  -1.1686783e+00
   7.9993135e-02
  -8.2086137e-01
  -1.2244416e+00
  -1.3961079e+00
  -1.0608847e+00
  -4.3070371e-01
  -1.1256999e+00
  -1.1863612e+00
   1.1355623e-01
   2.3072994e-01
   1.4739147e-01
  -1.9820737e-01
  -8.6509615e-02
  -2.3732536e-01
   5.4468957e-01
   1.4847695e+00
   1.4326255e+00
   1.2441190e+00
   4.1385260e-01
   1.8766509e+00
   3.1575168e-01
   1.6761462e+00
   5.3069878e-01
  -4.2714987e-01
  -8.0410764e-01
  -1.6461021e+00
  -5.3521529e-01
  -8.2901936e-01
  -1.5084781e+00
  -3.3708915e-02
  -6.7089091e-01
   1.8771502e-01
  -8.0300967e-01
  -1.4450041e+00
  -1.6424721e+00
  -1.7409864e+00
  -7.4438774e-01
  -6.3058141e-01
  -8.1603750e-01
  -5.9025615e-01
  -1.8811713e-01
   4.7944569e-01
  -2.0262768e-01
   4.0401772e-01
   4.7403376e-01
   2.9746659e-01
   2.4557727e-01
   1.9334112e-01
   3.7205772e-01
   3.0246511e-01
   4.7912120e-01
  -5.8916307e-02
   9.8963745e-01
   7.9173040e-02
   3.4418914e-03
  -3.9715595e-01
  -9.9139550e-01
  -1.4499064e+00
  -1.4846201e+00
  -1.4746025e+00
  -1.1509986e+00
   2.8982033e-01
  -2.9456388e-01
  -1.2739314e-01
  -9.8677698e-02
  -2.0586356e-01
  -1.9611390e-01
  -6.4433731e-02
   5.8739372e-01
   8.9520942e-01
   1.2099913e+00
   1.0160916e+00
   1.5988732e+00
   1.2175218e+00
   1.3434448e+00
   1.4500723e+00
   1.1734154e+00
   8.5913767e-01
   1.5596323e+00
   2.1527602e+00
   7.2250647e-01
   9.7697600e-01
   7.1687305e-01
   6.0603453e-02
  -5.4232910e-01
  -1.4158157e+00
  -1.3719028e+00
  -1.1037225e+00
  -1.3260669e+00
  -1.2782014e+00
  -1.3991686e+00
  -3.5112774e-01
  -3.1443011e-01
   2.9140239e-01
  -4.1254494e-01
  -8.1285415e-01
  -8.6654912e-01
  -8.9074447e-01
   2.7233655e-01
   3.2994211e-01
   1.1508345e+00
   2.1727018e-01
  -7.3078053e-01
  -7.4517855e-01
  -1.7279220e-01
  -7.0013326e-01
  -4.6693062e-01
   6.0755695e-01
   3.5525859e-01
   7.4261693e-01
   6.7330351e-01
   3.9371877e-01
   2.7537170e-01
   4.9961541e-01
  -9.9372124e-01
  -1.1102076e+00
  -1.2376986e+00
  -1.9741554e+00
  -1.6483120e+00
  -1.5852376e+00
  -1.7149373e+00
  -2.0468227e+00
  -1.3804125e+00
  -1.0600508e+00
  -5.5408548e-01
  -1.2160662e+00
  -2.0408433e+00
  -1.2763314e+00
  -1.1914651e+00
  -1.2473433e+00
  -1.3852497e+00
  -6.4048659e-01
  -1.4896851e-01
   4.4342888e-01
   1.0057970e-01
  -5.6858629e-01
   4.0333258e-01
   4.0689453e-01
   3.8590987e-01
   1.2682590e-01
   2.8414670e-01
   5.4578446e-02
  -7.0610116e-02
   1.0023773e-02
  -8.2794194e-02
   4.3307487e-01
  -4.7959143e-01
  -1.4165008e+00
  -1.2729393e+00
  -2.1191446e+00
  -1.8725782e+00
  -1.5346598e+00
  -1.2356471e+00
  -3.9381638e-02
  -6.2709794e-01
  -1.8438870e+00
  -2.1343580e+00
  -1.1515677e+00
  -1.4255480e+00
  -1.3073476e+00
  -1.2761780e+00
  -9.9061701e-01
  -2.8465086e-01
  -7.1514193e-01
  -8.9613163e-01
  -6.6151084e-02
   2.3853475e-01
   3.2494625e-01
   1.8290362e+00
   1.2419608e+00
   1.5497557e+00
   1.6035316e+00
   1.9256027e+00
   2.1080452e+00
   7.1073834e-01
   1.0455474e+00
  -5.3519098e-01
  -4.5741540e-01
  -7.3838634e-01
  -5.8246738e-01
  -1.1400382e+00
  -1.1392014e+00
  -1.0837933e+00
  -8.3308176e-01
  -1.3131884e+00
  -3.7185358e-01
  -5.5377194e-01
  -1.4845999e+00
  -1.8592487e+00
  -7.2500830e-01
  -1.6980077e+00
  -1.0033131e+00
  -9.6244506e-01
  -4.4287943e-01
   1.9159118e-01
  -3.6557355e-01
  -1.8310738e-01
   7.6188705e-01
  -5.8501394e-01
   1.2768248e+00
   2.6007209e+00
   2.0085633e+00
   1.2083359e+00
   1.4433693e+00
   1.3625367e+00
  -8.7105178e-02
   4.1429301e-01
   9.5313347e-01
  -8.5989203e-01
   8.7258656e-01
   1.0815281e+00
   7.1408620e-01
   1.9940096e+00
   2.8144857e+00
   1.1914442e-01
   1.2492684e-02
   5.9470829e-01
  -1.1159441e-01
  -5.9762046e-01
   1.0021912e+00
   6.1133454e-01
   3.7991121e-01
   1.5467121e-01
   1.0855052e+00
   3.7653193e-01
   1.1509257e+00
  -9.5329929e-01
  -5.5334890e-01
   3.9241545e-01
   8.8959639e-01
   3.2350024e+00
   2.8136420e-02
  -9.1534558e-01
   9.1522539e-01
   4.5998861e-01
   6.6651812e-02
  -4.3468000e-01
   1.0516274e-01
  -1.2552901e+00
   7.1221564e-01
   8.9594322e-01
   2.0140476e+00
   5.3746611e-01
   9.7447038e-01
   1.3193806e+00
   1.0345948e-01
   5.4756183e-01
  -1.4902288e+00
  -5.1768085e-01
   7.1970184e-01
  -6.0329972e-01
  -7.2424923e-01
  -1.4724490e+00
  -6.7173852e-01
   1.0852064e+00
  -8.9311258e-01
  -3.8635946e-01
   8.1636955e-02
   1.2656228e+00
   4.5143136e+00
   1.1332931e+00
  -4.4927984e-02
   1.2196523e+00
   1.1674443e+00
   1.3533592e+00
  -2.9393146e-01
  -8.4807244e-01
  -6.6167867e-01
  -3.2421941e-01
   4.5295390e-01
  -1.4950123e+00
  -2.0320207e+00
   2.0393855e-01
   1.2158829e+00
  -3.2450872e-01
  -8.5202942e-01
  -1.6447702e-01
  -8.6226831e-02
   2.3243122e-01
   1.3128929e+00
   1.2564020e+00
   9.0428887e-01
   5.6336956e-01
   6.7452192e-02
   2.9794939e-01
   1.9830738e-01
   3.5826584e-01
  -6.1898034e-01
  -4.8214338e-01
   1.1645144e+00
   8.9078556e-01
   8.3798033e-01
   3.9897383e-01
  -2.0988076e-01
  -7.5677350e-01
  -2.9116497e-02
   8.5848812e-02
   5.2722968e-01
   1.1895014e+00
   1.9554338e+00
   1.5171714e+00
   1.6985178e+00
   4.9488593e-01
   1.5671884e+00
   7.2428363e-01
  -1.9938330e+00
   3.3464825e-01
  -6.6237649e-01
  -8.4654063e-03
  -9.2943753e-01
  -2.2632670e+00
  -2.1323257e+00
  -5.1251888e-01
  -8.5823538e-01
  -1.5526563e+00
  -6.8685003e-02
  -2.0558017e-01
   1.4981549e+00
  -9.7291651e-01
   1.5004448e+00
   4.3900660e-01
   4.9027839e-01
   5.7997941e-01
   6.5445681e-01
  -8.3759587e-01
  -4.9617658e-01
  -9.8032081e-02
  -1.5446737e+00
  -2.8083960e-01
   3.0285911e-02
   3.7196115e-01
   6.5422380e-01
   5.7069892e-01
   1.0523559e-01
   1.2714582e+00
   1.1461575e+00
   2.4471904e+00
   2.1173775e+00
   2.0572777e+00
   8.3983252e-01
   1.6989450e+00
   2.3983139e+00
  -1.1740361e-01
   2.0815946e+00
   2.5275574e-01
  -3.3993214e-01
   7.5980838e-01
  -6.0166669e-01
  -1.0912126e+00
  -4.6004536e-01
   2.8192759e-01
  -1.0395725e+00
  -1.2096123e-01
   4.0656882e-01
  -6.3316980e-01
   4.2320892e-02
   2.1840286e+00
   1.0867212e+00
   7.9709965e-01
   1.2482491e+00
   2.0362176e+00
   3.1092810e-01
   1.0352871e+00
   7.5763136e-01
  -9.4140235e-01
   1.1621947e+00
   5.3494337e-02
   2.6664122e-01
  -1.7190793e+00
   4.8823024e-01
  -1.0278655e+00
   5.5520200e-02
  -4.2614451e-01
  -3.9059104e-01
   1.5155631e+00
  -1.8393697e-01
   3.4936967e-01
   1.0780484e+00
  -7.8421492e-01
   7.8148397e-01
   5.9672038e-01
  -3.7963208e-01
   6.8203743e-01
   4.5751490e-01
  -5.4753895e-01
   3.1827798e-01
   3.4294915e-01
  -7.4214687e-01
  -4.2423154e-01
  -1.5215791e-01
   8.0513460e-01
   5.6988699e-02
  -8.5090853e-01
   1.9129412e-01
   1.0868863e+00
   1.4777062e+00
   3.1662558e-01
  -1.1677976e-02
  -6.2444086e-01
  -8.3610435e-01
  -2.5624776e-01
  -1.2568760e+00
  -1.2792710e+00
  -8.7398990e-02
  -4.9065438e-01
  -9.1428802e-01
  -5.1915668e-01
  -6.0605384e-01
   3.7227825e-01
  -7.2520290e-01
  -2.1655992e+00
   6.3488981e-02
   1.2386017e+00
   1.8946919e-01
  -4.1828038e-01
   1.9805529e+00
   7.1013346e-01
   3.6530506e-01
   4.4197706e-01
  -2.3609349e-01
  -8.4196861e-01
  -1.3113434e+00
  -7.4134726e-01
  -8.3534989e-01
  -1.9605537e+00
  -1.1493662e+00
   1.9801177e-01
  -3.1058579e-01
  -1.4255559e-01
   1.0371013e+00
   1.5000647e-01
  -6.3710560e-01
   1.2728861e+00
   1.3797615e+00
   5.1674605e+00
   3.0475532e+00
   5.9955445e-01
  -4.4867546e-02
   7.9225608e-01
  -8.2195691e-01
  -1.0611234e+00
  -1.2650712e+00
  -3.2498835e-01
  -1.0373365e+00
  -6.0351825e-01
   5.7200520e-01
  -9.7829963e-01
   2.1298267e-01
   3.8587542e-01
  -2.6393307e-01
   4.2998503e-01
   9.6485710e-01
   9.4173341e-02
   8.8131146e-01
   1.6302843e+00
   2.1043076e+00
  -6.9328280e-01
   8.0020414e-01
  -1.7641397e+00
  -6.7053913e-01
  -1.2207260e+00
  -6.0726295e-01
  -1.0927060e+00
  -1.2355616e+00
  -3.0667033e-01
  -1.7230604e+00
  -1.5917162e+00
  -1.1821278e-01
  -5.6373165e-01
  -3.3128303e-01
   9.4552801e-01
   1.7913651e+00
   2.4273800e-01
  -2.3297266e-01
  -2.9489028e-02
   1.3920015e-01
  -1.9630782e-01
   1.4917303e-01
  -6.7909951e-01
  -4.9830187e-01
  -1.5994468e+00
  -4.4678990e-01
   7.3758719e-01
  -1.0430131e+00
  -5.2933802e-01
  -1.8791957e+00
  -3.8658980e-01
   1.3000249e-01
  -1.1284515e+00
   3.6170311e-01
   1.4462049e+00
   1.1915597e+00
   5.7018053e-01
   1.4574815e+00
   1.5589121e+00
  -2.0530821e-01
   1.6177855e-01
   1.1267580e+00
  -1.4803237e+00
   6.2342025e-01
   1.7931509e+00
  -1.8828782e-01
  -5.4800450e-01
  -1.1329194e+00
   8.5793756e-02
  -8.0790752e-01
  -3.8249048e-01
   6.2748830e-01
  -2.2491079e-01
   1.2971322e+00
   4.4760477e-01
  -1.2274627e-01
   1.2736014e+00
  -5.6783116e-01
   5.2725760e-01
   5.4957201e-01
   4.6309474e-01
  -2.8489024e-01
  -2.5686598e-01
  -3.7184824e-01
  -1.4790888e+00
  -7.8846231e-01
  -1.3123852e+00
   4.9955605e-02
  -1.4758487e+00
  -4.1957036e-01
   7.2992884e-02
   8.1213297e-01
   1.0677446e-01
   1.2935608e+00
   1.2900632e+00
   1.3254191e+00
  -5.5895495e-02
  -1.1116250e-01
  -6.9396462e-01
  -5.0259487e-01
  -7.4961073e-01
   5.7142828e-01
   1.8245222e-01
  -3.6512360e-01
  -4.6239487e-01
  -1.0689610e+00
   1.8065731e+00
   1.5897543e+00
  -3.1485490e-01
  -9.2268347e-01
  -7.9523962e-02
   1.2185229e+00
   1.5561509e+00
   1.3841197e+00
   8.6930379e-01
   9.6880646e-01
   7.6785249e-01
   7.9105722e-01
  -3.3265431e-01
  -6.9882522e-01
  -1.3247989e-01
   5.2268902e-01
   8.7317241e-01
   2.7591711e-01
  -2.3049480e-01
  -1.9704137e-01
  -2.9850705e-01
  -1.1716795e+00
  -1.5772316e+00
   1.7841017e-01
  -1.0977828e-01
  -6.2439998e-01
   8.8642850e-01
   3.8293377e+00
   9.0186970e-01
   8.9233087e-01
  -9.0304203e-02
   1.0056280e+00
   4.1645004e-01
  -8.0774294e-01
  -8.2340812e-01
   5.7889295e-01
   8.4146758e-01
  -1.5881857e-01
  -8.0333714e-01
  -7.3241158e-01
  -3.0468497e-01
  -9.1058054e-01
  -1.4165981e+00
   1.2586234e+00
   1.9142970e+00
   1.6240576e+00
  -7.4884039e-01
   1.7618482e+00
   2.1567929e+00
   1.0537469e-01
  -2.8056083e-01
   6.0113927e-01
   9.9787043e-02
  -5.5870971e-01
   1.2630905e+00
  -4.7663321e-01
  -2.0947347e-01
   3.1526317e-01
  -7.3974067e-01
  -3.3055471e-01
   1.1520612e-01
   9.0348304e-01
   4.0095572e-02
  -7.0408953e-02
   1.4002216e+00
   4.6823223e-02
  -4.6492459e-01
   2.4615414e-01
  -7.8161410e-01
  -4.3376451e-01
  -1.4464795e+00
  -7.4030451e-01
  -1.8357879e+00
  -1.2250084e+00
  -4.7779656e-01
  -1.9628334e+00
  -4.7009837e-02
  -9.7713730e-01
  -5.2957061e-01
  -3.1248275e-01
  -2.0416547e+00
  -1.4914707e+00
  -2.7577641e-01
   1.8588061e+00
   6.3653989e-01
   1.2915345e-02
   8.9759454e-01
  -5.1462307e-01
   4.8790457e-01
  -2.6437234e-01
   1.3507581e-01
  -1.4262639e+00
   1.3346548e+00
  -8.9500226e-02
  -5.0417258e-01
   5.2119251e-01
  -9.4600293e-01
  -5.6084301e-01
  -1.6425300e+00
   7.0623756e-02
   8.9494672e-01
   2.8472897e-01
   2.1051536e+00
   1.5709151e+00
   1.4632093e+00
   1.5661716e+00
   1.2810768e+00
   4.6403778e-01
  -1.0482664e+00
   2.6916886e-01
  -1.0357678e+00
  -2.8013580e+00
  -2.2110279e+00
  -1.4772818e+00
  -1.0673825e+00
  -1.5084376e+00
  -1.3763018e+00
  -8.3410767e-01
   3.6218519e-01
  -5.5467661e-01
   3.9663282e-02
   1.2266825e+00
   2.1214642e+00
   2.6479437e-01
   8.7809526e-02
   1.0177106e+00
   6.8987116e-01
  -3.7043122e-01
  -9.9210033e-01
  -2.1602779e+00
  -1.4592916e+00
  -8.3440405e-01
  -2.0114338e-02
  -1.1761559e+00
  -2.9529707e-01
  -4.7755145e-01
  -1.4539849e-01
  -1.1165470e+00
  -1.6842395e-01
  -4.6888441e-01
   6.4658581e-01
   1.1005824e+00
   5.4425902e-01
   1.2063980e+00
   1.1387253e+00
   4.8281000e-01
   5.9946071e-02
  -1.2373875e-01
  -6.8662522e-01
  -5.0712775e-01
   6.0284648e-01
  -6.7598706e-01
  -7.5586562e-01
  -2.6761637e-01
  -2.1259701e+00
   7.0681938e-01
   7.2536116e-01
  -1.7498356e-01
  -2.3449652e-01
   1.6884433e+00
   1.0564714e+00
   1.3919009e+00
   3.5575009e-01
  -4.4077010e-01
  -1.9362295e-01
  -1.2151563e-01
  -9.9105617e-01
  -9.4309073e-01
  -2.2368239e-01
  -7.2420752e-02
  -2.0103762e-01
  -1.0261593e+00
  -1.0080330e+00
  -1.2272298e+00
  -1.5626996e-01
  -3.4001909e-01
  -9.6131898e-01
  -5.5919703e-01
  -7.9947295e-01
   7.2371963e-01
   5.1623749e-01
   6.2430273e-01
  -5.6970421e-01
   2.4205035e+00
   4.7343538e-01
   1.0558376e+00
  -8.3040034e-01
   1.8026858e-01
  -8.7541198e-02
  -1.1964506e-01
  -1.7670508e+00
  -2.1500232e+00
  -5.5322710e-01
  -4.4236858e-01
  -1.1823795e+00
   5.1305612e-01
  -4.0318160e-01
   1.0923292e+00
   8.5548049e-01
   1.0017503e+00
  -8.6330506e-01
   1.3537142e-01
  -1.1777963e+00
  -4.9788134e-01
   3.0308878e-02
  -7.6424399e-01
  -6.5015695e-01
   6.6907316e-01
  -3.5712347e-02
  -9.8550925e-03
  -2.1933489e-01
  -1.1317829e+00
  -1.0395488e+00
   8.5362745e-02
  -1.4669655e+00
   4.0132386e-01
  -3.3727131e-01
   1.1669236e+00
   9.0615393e-01
  -4.0233178e-02
  -9.9873251e-01
   4.3537992e-01
   1.0315587e+00
  -5.9007366e-01
   2.3507164e-01
  -1.6114598e+00
  -2.4598276e-01
   7.9652484e-01
   4.4937444e-01
   7.5879257e-01
   7.2067399e-01
   9.9272033e-02
  -1.9704412e-01
  -5.5926854e-01
  -4.2541645e-01
  -1.0281409e+00
  -1.9117109e-01
   6.5760952e-01
   9.8194976e-01
  -1.0670473e+00
   6.9543084e-01
   1.3847562e-01
   8.3193760e-01
  -9.1200514e-01
  -1.2385621e-01
  -9.2894487e-01
   5.5368160e-01
  -1.7276935e+00
   1.1916885e+00
  -4.4540548e-01
  -1.0762587e+00
  -2.2290677e+00
  -1.5521064e+00
  -5.4887036e-01
  -9.0066755e-01
  -2.3761529e-01
   1.9286493e+00
   1.1242984e+00
  -3.0698286e-01
  -6.8554746e-01
   5.4601398e-01
  -6.0000615e-01
  -1.3167511e+00
  -3.7080735e-01
  -7.5624709e-01
  -7.8461018e-01
   6.4348374e-01
  -3.9037627e-01
  -3.7833162e-01
  -2.7574864e-01
  -7.8111485e-01
  -6.3085655e-01
  -2.5161388e-01
  -8.4080077e-01
  -3.3386081e-01
   7.3903624e-01
   1.1543679e+00
   4.8421779e-01
   8.8831660e-01
  -9.7977194e-01
  -8.5440693e-01
  -3.8450025e-01
   4.6713638e-01
  -1.4142178e+00
   6.9254196e-01
  -9.4248483e-01
  -6.1203776e-01
   2.1004873e-01
  -5.5727509e-01
  -1.5419915e+00
  -1.1150354e+00
   2.8966255e-01
  -7.2241660e-01
   1.2742973e-01
   6.6961726e-02
   7.6725323e-01
   1.4667528e+00
  -5.2469525e-01
   1.1139035e+00
  -1.0717120e+00
   1.2495028e+00
  -3.9811278e-01
  -3.5588009e-01
  -1.2387682e+00
  -7.8464672e-01
  -1.4258151e+00
  -1.0386784e+00
  -4.7047675e-01
  -9.7416401e-01
  -1.7582163e+00
  -1.2635618e+00
  -1.5031818e+00
  -8.1907331e-01
   8.1703144e-01
   1.2386158e+00
   4.1561270e-01
   9.6140111e-01
  -1.5581966e-01
   6.7807944e-01
  -2.0130827e-01
   1.1700012e+00
   8.1197039e-02
  -5.6988593e-01
  -1.8103221e-01
   1.9694265e-01
  -6.4138021e-01
  -6.9272822e-01
  -9.4471725e-02
  -5.0812890e-01
  -4.2225060e-01
  -5.5794267e-01
   2.7361275e-01
  -9.3665166e-02
   1.1794332e+00
   8.5980885e-01
   4.4734642e-01
   4.7165886e-01
   1.3944670e+00
   6.3230403e-01
  -4.0977170e-03
   2.3415333e-01
  -1.4283325e+00
  -1.0163628e+00
   9.3140446e-01
  -7.1647462e-01
  -7.0957221e-01
  -1.4003907e+00
  -6.0766700e-01
  -3.0168354e-01
   8.5560917e-01
  -8.1198253e-01
   4.4720843e-01
   1.2083329e-02
  -8.4631592e-01
   1.1721399e+00
  -6.4928622e-01
  -8.3000736e-02
   9.9501421e-01
   2.0431987e-01
  -1.9261419e-01
  -1.9705010e+00
  -6.8971513e-02
  -5.2517905e-01
  -1.4902322e+00
   7.8376419e-01
   7.6957287e-01
  -1.3727301e+00
  -2.7001390e-01
  -8.2172099e-02
  -1.1030587e+00
  -6.1528482e-01
   2.2916342e+00
   1.4316512e+00
   6.8268211e-01
   1.5479655e+00
   9.0159365e-02
  -1.2184267e+00
   3.4845090e-01
  -2.2075496e+00
  -8.3838714e-01
  -2.4176517e-01
  -1.5124180e+00
  -4.2828837e-01
  -7.8207490e-01
  -9.0386396e-01
  -6.1833287e-01
   1.7642308e-01
  -4.1940507e-01
   7.8931201e-01
   3.2960587e-01
   1.4936458e-01
  -1.1936200e+00
   3.2585652e-01
  -3.8382176e-01
   6.5985765e-01
   1.3054494e+00
   1.9833030e-01
   4.2403282e-01
  -1.3103201e+00
  -1.7971718e+00
  -1.4260384e+00
  -6.1426922e-01
  -1.9895649e+00
  -1.2538745e+00
  -1.7770765e+00
  -1.2651333e+00
  -2.1346688e-01
   4.8557158e-01
   6.8881789e-01
   1.6234053e-01
   1.1033056e+00
   1.4013335e+00
   2.0674316e+00
   2.1444408e-01
   1.8819334e+00
   1.7218197e-02
   1.0664140e-01
  -4.0448311e-01
  -1.1366402e+00
  -1.5667158e+00
  -1.2345025e+00
  -6.3641677e-01
   1.8023843e+00
  -3.4379020e-01
  -9.0826687e-01
  -6.7290612e-01
  -4.7220879e-01
  -7.7648048e-01
  -6.7659811e-01
   1.9441201e-02
   1.9920517e+00
   1.5003175e+00
   1.3074847e+00
  -4.5150951e-01
  -6.8708604e-01
  -2.9843118e-01
  -2.3560109e-02
  -1.7619737e+00
  -1.0466752e+00
  -4.8923708e-01
  -1.4324585e-02
  -6.5060628e-01
  -6.1506901e-01
  -1.4131068e+00
  -6.5361537e-01
  -6.3430682e-01
   6.9469665e-01
  -7.1244769e-01
   2.2348180e-01
  -3.2188931e-01
   2.1182182e-01
   1.3175888e-01
   1.5675203e-01
  -5.4759004e-01
  -8.4664739e-01
  -1.3587932e+00
  -1.3883852e+00
  -1.5146011e-01
   4.9914468e-01
  -1.3359058e+00
  -1.8752824e+00
   1.1634344e+00
  -6.5286903e-01
  -2.9642906e-01
  -2.4215833e-01
   8.0957948e-01
  -1.1161479e+00
   7.5335887e-01
   2.1250783e-01
   8.2147075e-01
   2.0467463e-01
   1.3445945e-02
   1.5494495e+00
   2.3763466e-01
   5.8438639e-01
   2.3880233e-01
  -1.5536999e+00
  -7.6178053e-01
  -1.5910639e-01
   8.5313422e-03
  -1.4824020e-01
  -8.8682446e-01
  -2.3254748e+00
  -8.3679053e-01
   5.6905235e-01
   2.5885727e-01
  -5.2274540e-01
  -4.6005621e-01
   1.0751934e+00
   6.0643719e-01
   1.3865965e+00
  -2.4620452e-01
   1.2823298e+00
  -6.8261197e-02
  -7.4741642e-01
   9.6784245e-02
  -5.9684767e-01
   1.5006450e-01
   1.0243749e+00
   2.2268429e+00
   1.4620699e+00
   1.5826565e-01
   6.1430519e-01
  -1.2019850e+00
  -6.9061006e-02
   2.2415298e-01
   9.7119890e-01
   1.2334015e-01
   2.3235381e+00
   2.8105517e+00
   1.0094310e-01
   8.6544986e-01
  -5.3090877e-01
   3.6292718e-01
   2.5053295e-01
  -5.8182612e-01
  -1.0723698e+00
  -2.7750120e-03
  -9.4469541e-01
  -1.1097475e+00
  -1.9275305e+00
  -7.3920163e-01
  -8.6070197e-01
  -1.0990627e+00
  -5.1047069e-01
  -1.5791190e+00
   2.3477986e-01
   9.2038431e-01
  -5.0634372e-01
   1.0019593e+00
   5.4839985e-01
   6.7294179e-01
  -1.0315026e+00
   5.1441423e-01
  -8.0832467e-01
  -9.3497249e-01
  -1.6347567e+00
  -4.0546399e-01
   6.0356969e-01
  -1.0375542e+00
  -4.9510437e-01
  -1.1247550e+00
  -6.8929281e-01
  -5.6552117e-01
  -6.6449004e-01
   2.1410190e-01
  -6.5170345e-01
   5.6130832e-01
   1.1246353e+00
  -7.6569378e-01
  -3.9019073e-01
  -1.4774814e+00
   1.4073514e-01
  -6.7217212e-01
  -1.1837466e+00
  -2.3413867e-01
   7.0426614e-01
  -1.1516486e+00
  -2.0568363e+00
  -6.7375563e-01
  -1.9386927e-01
   7.3455972e-02
  -8.7876605e-01
  -1.1160367e+00
   1.2633933e-01
   7.3932745e-01
   1.1855278e+00
  -6.5538034e-01
   1.6860947e+00
  -2.5824079e-01
   5.9263834e-01
   7.2383054e-01
   1.2480825e+00
  -5.4140264e-01
   1.1721196e-01
   1.6843078e-01
  -4.6784988e-01
  -4.7890830e-01
  -1.0695169e+00
   7.1898557e-02
  -3.1712244e-01
  -7.8200636e-01
  -1.8461163e+00
  -8.2538282e-01
   2.6955219e-01
   1.7845565e+00
   1.5924222e+00
   1.9690613e+00
   3.4260468e-01
   9.6446449e-01
  -1.9174927e-01
  -1.0377466e+00
   1.7232446e-01
  -1.2936768e+00
  -1.7913385e+00
  -6.6108189e-01
   8.6437652e-01
   4.6925861e-01
  -1.7348638e+00
  -1.0186934e+00
  -1.6617908e+00
   8.1837053e-01
   1.0557075e+00
   1.5571584e+00
   5.4550303e-01
   7.1012577e-01
  -1.2635803e+00
  -7.1833574e-02
   1.7716628e+00
   2.1938847e-02
   9.8503426e-01
  -4.6865482e-01
  -2.3838258e-01
  -1.6129616e+00
  -1.3014307e+00
  -9.3872128e-01
   6.9195133e-01
   9.1050882e-01
  -1.1779129e+00
  -1.4865575e+00
   2.0138023e-01
   2.3672248e-01
  -8.6331286e-01
   7.1772430e-01
   2.3540390e+00
   2.5320725e+00
  -1.8179150e-01
   5.1779455e-01
   1.2965357e+00
   1.0230223e-01
  -8.7525005e-01
  -3.0430756e-01
   1.2187903e+00
   3.2953187e-01
  -1.6547398e-01
   3.1234805e-01
  -1.8640084e+00
   4.2762132e-01
   6.5697417e-02
  -3.9958158e-03
   1.2111264e+00
   1.0808590e+00
   1.6038551e+00
   1.3430094e+00
   4.8167609e-01
   9.0349880e-01
   6.2047287e-01
   6.7909452e-01
   5.8681220e-02
   1.3683909e+00
   4.1173085e-01
