   1.9344661e+00
   1.8379655e+00
   2.0245261e+00
   1.8343236e+00
   2.0123688e+00
   1.7471019e+00
   1.6749150e+00
   1.8340146e+00
   2.3954659e+00
   2.1593361e+00
   1.6511094e+00
   1.2370927e+00
   1.1025153e+00
   8.8202570e-01
   7.0149593e-01
   2.1306191e-01
  -1.6580192e-01
   6.2183599e-01
   2.2369646e-01
   3.1079072e-01
   1.5804328e-01
  -6.6802902e-01
   2.1671163e-01
  -8.9496667e-01
  -4.1823431e-01
  -6.8762062e-01
  -5.1202500e-01
  -6.1745208e-01
  -2.8793723e-01
   2.4021053e-01
   3.4382013e-01
   4.1494613e-02
   2.9805556e-02
  -1.2139431e-01
  -4.7919365e-01
  -4.4036479e-01
  -5.9023157e-01
  -1.6699194e-01
   3.6357983e-01
   6.9343199e-01
   3.3288756e-01
   5.7979333e-01
   9.0597911e-01
   4.6712867e-01
   1.3724541e+00
   1.6891754e+00
   1.3630276e+00
   1.1400025e+00
   1.2696643e+00
   7.0244914e-01
   1.1023803e+00
   1.5368491e+00
   1.0291059e+00
   1.0727127e+00
   8.2453700e-01
   7.5226855e-01
  -3.2968036e-01
   1.2439519e-01
  -1.8491266e-01
  -2.7927228e-01
  -2.3500561e-01
  -6.3606964e-01
  -8.8938357e-01
  -3.2682481e-01
  -2.7712984e-01
  -1.9604742e-01
  -9.4122283e-02
  -9.1998281e-02
  -4.8420348e-01
  -6.4581747e-01
  -3.4393862e-01
  -1.2916825e-01
  -4.5055801e-01
   4.4092544e-02
  -4.1240163e-01
  -6.7729760e-01
  -8.0069294e-01
  -1.8729497e-01
  -3.3114052e-01
   1.6335867e+00
   1.5079606e+00
   1.7635511e+00
   1.5903053e+00
   1.5701068e+00
   1.4164104e+00
   1.4443510e+00
   1.5366214e+00
   1.4342636e+00
   1.0298174e+00
   7.8421186e-01
   1.2219686e+00
   1.0963387e+00
   7.3198431e-01
   5.7476483e-01
   2.5919194e-01
   9.3130917e-01
   8.7880972e-01
   1.3975486e-02
  -2.0192955e-01
  -5.9089804e-01
  -4.6096230e-01
  -5.2513947e-01
  -3.8053324e-01
  -7.4711950e-01
  -4.4100713e-01
  -5.5070887e-01
  -4.8076127e-01
  -1.1134047e+00
  -7.1923160e-01
  -1.0562665e+00
  -6.3096834e-01
  -5.9232646e-01
  -5.4765505e-01
  -2.7714882e-01
  -4.2955819e-01
  -4.6556407e-01
  -4.8716118e-01
  -1.4735148e-01
  -2.4393532e-01
   2.6079676e-01
   1.8634879e+00
   2.2048707e+00
   2.3468315e+00
   2.3653553e+00
   2.2337157e+00
   2.2330052e+00
   1.9408516e+00
   2.1303700e+00
   1.5693996e+00
   1.1038649e+00
   1.5370653e+00
   8.6043036e-01
   1.1039756e+00
   7.9814149e-01
   9.9510154e-01
   1.4926192e+00
   1.1194246e+00
   1.2225122e+00
   2.3816378e-01
  -2.1004038e-01
   4.3294810e-01
   2.3107940e-01
  -8.9171327e-02
   2.4328170e-01
  -4.8660746e-02
   1.0842247e-02
  -1.7266089e-01
  -5.5178022e-01
  -9.1909715e-01
  -6.5663010e-01
  -1.1903578e+00
  -8.1117255e-01
  -6.6130108e-01
  -3.6201932e-01
  -7.2993403e-01
  -5.4314463e-01
  -4.2074736e-01
  -7.7318965e-01
  -1.3495129e+00
  -9.5545464e-01
  -9.3094515e-01
   5.3296652e-01
   8.5082501e-01
   9.6326214e-01
   1.5434053e+00
   1.7124269e+00
   1.4877693e+00
   1.3030104e+00
   1.2433456e+00
   1.4233087e+00
   1.4637591e+00
   1.1405951e+00
   1.4184926e+00
   1.2238411e+00
   9.3779043e-01
   1.4284451e+00
   1.4061301e+00
   1.4004114e+00
   7.8351804e-01
   2.8433587e-01
  -7.5553755e-02
   3.3109974e-01
   9.2395713e-02
  -6.1467730e-02
  -1.8810932e+00
  -1.7521516e+00
  -1.4076519e+00
  -1.0676493e+00
  -1.2647397e+00
  -7.5820749e-01
  -1.3228330e+00
  -1.9679719e+00
  -1.4689581e+00
  -1.3214714e+00
  -1.3791704e+00
  -1.3007551e+00
  -1.3229168e+00
  -1.9168164e+00
  -1.5554406e+00
  -1.6985930e+00
  -1.1766290e+00
  -9.6818638e-01
   6.6870754e-01
   1.1593256e+00
   1.3642871e+00
   1.1476165e+00
   1.3140535e+00
   1.2486250e+00
   1.0475448e+00
   5.0432068e-01
   1.0372145e+00
   8.7431848e-01
   5.3103664e-01
   1.1840882e+00
   9.2161232e-01
   8.9835076e-01
   1.0124667e+00
   8.2144867e-01
   7.5632889e-01
   1.0125047e+00
   5.0761433e-01
   6.2141373e-01
   2.5903877e-01
   2.0024262e-01
   2.5680625e-01
  -6.6319156e-02
  -8.6015325e-03
  -4.2632294e-01
  -1.3910093e-01
  -6.7039591e-01
  -5.1532818e-01
  -8.0273349e-01
  -1.0537972e+00
  -8.5883423e-01
  -7.5014890e-01
  -8.3143247e-01
  -8.9398444e-01
  -1.0118281e+00
  -5.9470043e-01
  -6.0733445e-01
  -8.3595111e-01
  -7.0027192e-01
  -4.6723243e-01
   1.0314769e+00
   1.8571307e+00
   1.6768506e+00
   2.4297434e+00
   2.0672540e+00
   2.5009355e+00
   2.0582678e+00
   1.5278680e+00
   1.5429983e+00
   1.5264106e+00
   1.5609191e+00
   1.5230589e+00
   1.3485876e+00
   9.5172659e-01
   9.0749466e-01
   1.1926532e+00
   8.0558341e-01
   5.2137722e-01
  -1.5636535e-01
  -3.6438791e-01
  -2.1866899e-02
  -1.2677106e-02
  -1.4074651e-01
   1.1983725e-01
   7.5607385e-01
   6.0705371e-01
   1.7001307e-01
  -1.3725273e-01
   1.0980933e-01
   2.8451514e-01
  -2.9769832e-01
  -3.3667092e-01
   1.1571877e-01
   8.1383264e-02
   2.1609936e-01
  -2.9358188e-01
  -1.5360394e+00
  -1.2125681e+00
  -9.6691681e-01
  -1.3754667e+00
  -3.7091473e-01
   5.8377902e-02
   1.0127972e+00
   7.8720573e-01
   8.3255143e-01
   9.9657637e-01
   1.1475778e+00
   1.2756312e+00
   1.5306615e+00
   1.0809420e+00
   1.0199037e+00
   2.0834783e-01
   2.8968084e-01
  -1.8346756e-01
   9.8710230e-02
   2.9745844e-01
  -2.6328307e-01
   4.7719445e-01
   2.0334531e-02
  -6.4103360e-01
  -6.0336456e-01
  -8.6716520e-01
  -4.0396840e-01
  -9.5750770e-01
  -1.0887598e+00
  -9.6699012e-01
  -1.0002029e+00
  -1.0689632e+00
  -1.1920471e+00
  -6.6402342e-01
  -1.1570574e+00
  -1.0513779e+00
  -1.3504479e+00
  -1.5047185e+00
  -1.3134766e+00
  -1.0170669e+00
  -8.4486786e-01
  -1.6280530e+00
  -1.0835760e+00
  -1.9555999e+00
  -1.4614671e+00
   2.9945677e-01
   1.0523606e+00
   1.4367534e+00
   1.1052365e+00
   1.1851114e+00
   1.0219851e+00
   1.3188767e+00
   6.8849188e-01
   1.1630952e+00
   7.9884766e-01
   1.0702671e+00
   7.6829355e-01
   9.2007619e-01
   9.9435298e-01
   1.4923434e+00
   8.9827844e-01
   1.0913590e+00
   8.1471227e-01
   5.8596166e-01
  -8.0048017e-01
  -1.8202419e-01
   6.3760715e-02
  -4.8511219e-01
  -3.9802176e-01
  -1.1688085e+00
  -5.4155180e-01
  -1.2841610e-01
  -8.1225868e-01
  -3.9946983e-01
  -1.9088149e-01
  -3.0464514e-01
  -4.1579045e-01
  -1.0488271e+00
  -1.0813861e+00
  -9.6483722e-01
  -8.7668631e-01
  -9.0328151e-02
  -6.6578573e-01
  -9.4582762e-01
  -6.2175625e-01
  -6.6044204e-02
   1.9833026e+00
   1.0486634e+00
   7.1719726e-01
   1.2036418e+00
   1.0157940e+00
   1.1708654e+00
   4.1566912e-01
   1.1316502e+00
   1.1407077e+00
   8.5974966e-01
   1.1926576e+00
   9.5552194e-01
   9.9309650e-01
   1.3897247e+00
   1.0438507e+00
   4.5142989e-01
   5.6134698e-01
   4.0726039e-01
  -1.8291703e-01
  -8.9980972e-02
   7.3974694e-03
  -6.6408227e-01
  -2.0742375e-01
  -2.5865954e-01
  -3.3769072e-01
  -1.0256353e+00
  -9.8287759e-01
  -1.2838496e+00
  -1.0319939e+00
  -1.1394428e+00
  -1.7068473e+00
  -1.6116699e+00
  -1.5839177e+00
  -1.2236083e+00
  -8.2189703e-01
  -1.1179380e+00
  -1.1727575e+00
  -9.3275743e-01
  -6.6196935e-01
  -7.9663031e-01
  -9.7180963e-01
   3.8513929e-01
   1.5054838e+00
   1.4484538e+00
   1.0127408e+00
   1.4506020e+00
   1.4113131e+00
   1.3025275e+00
   2.1873130e-01
   4.9699417e-01
   2.9355685e-01
   3.1988024e-01
  -7.0000213e-02
   1.4666400e-01
   5.2553883e-01
   5.1488688e-01
   4.4613235e-01
   3.4149942e-01
   3.9141480e-01
  -3.4442593e-01
  -5.5746572e-01
  -1.5329421e-01
  -3.6975425e-01
  -2.4312024e-01
  -4.1716332e-01
  -8.6844113e-01
  -2.2987159e-01
  -1.2472207e+00
  -1.3781312e+00
  -9.6174279e-01
  -3.5600811e-01
  -1.3538425e+00
  -1.0858853e+00
  -1.0316340e+00
  -1.6704990e+00
  -9.8426497e-01
  -1.3081433e+00
  -1.1342920e+00
  -1.2338318e+00
  -1.1916897e+00
  -8.0200442e-01
  -5.3816950e-01
   7.0219485e-01
   7.7051418e-01
   1.1530111e+00
   1.0210356e+00
   1.1008065e+00
   1.0244270e+00
   9.8987150e-01
   1.2500979e+00
   7.0043710e-01
   5.5065783e-01
   1.1224453e+00
   7.5212510e-01
   8.1686841e-01
  -2.3219771e-01
   2.2432031e-01
  -2.9152497e-01
  -5.7581280e-01
  -6.7369996e-01
  -5.8501160e-01
  -6.9630920e-01
  -5.5167804e-01
  -3.3508663e-01
  -5.9854177e-01
  -7.0715664e-01
  -6.7052372e-01
  -4.4626351e-01
  -2.9827215e-01
  -6.1207944e-01
  -1.0682363e+00
  -4.6966895e-01
  -9.9558809e-01
  -9.2140758e-01
  -1.1502908e+00
  -1.4266182e+00
  -3.3871622e-01
  -1.1623814e+00
  -8.3203612e-01
  -1.5081352e+00
  -8.1629307e-01
  -1.8594651e+00
  -4.0064010e-01
   1.4947951e-01
   1.2594567e+00
   1.5530139e+00
   1.3735489e+00
   1.8711260e+00
   2.0656021e+00
   1.6472738e+00
   1.5683702e+00
   1.1478173e+00
   1.4163069e+00
   1.2489779e+00
   1.1123522e+00
   1.0341415e+00
   1.1569432e+00
   5.4112206e-01
   5.8636186e-01
   1.6693110e-01
  -3.6102200e-02
  -5.8887125e-01
  -5.3236064e-01
  -8.9298883e-01
  -6.9435453e-01
  -1.3814990e+00
  -5.2829641e-01
  -9.0142742e-01
  -7.3102586e-01
  -6.1720737e-01
  -6.8604964e-01
  -6.0636321e-01
  -4.0817987e-01
  -5.8702870e-01
  -6.6342749e-01
  -6.3464820e-01
  -8.5414540e-01
  -1.4469363e+00
  -9.5301667e-01
  -1.4773237e+00
  -9.4181034e-01
  -1.2419183e+00
  -8.2453194e-01
   9.4161551e-01
   8.7251039e-01
   7.0128849e-01
   6.5757501e-01
   1.1576384e+00
   4.4811557e-01
   1.4748528e+00
   1.4163039e+00
   1.5677016e+00
   1.5345469e+00
   1.7752417e+00
   1.6762440e+00
   1.6755169e+00
   1.6283198e+00
   1.1439901e+00
   1.3786169e+00
   6.4359179e-01
   7.5817009e-01
  -1.8480436e-01
  -4.3113688e-01
  -1.1399210e-01
  -8.4856176e-01
  -4.8115744e-01
  -4.3037833e-01
  -1.4744272e-01
  -3.5001054e-01
  -1.1124231e+00
  -7.2885091e-01
  -1.1272119e+00
  -8.2537436e-01
  -8.8439861e-01
  -8.6622779e-01
  -6.6127157e-01
  -5.6673117e-01
  -5.8854767e-01
  -7.8803158e-01
  -5.8057715e-01
  -3.9528895e-01
  -4.4244379e-01
  -5.5939029e-01
  -2.4038839e-01
   9.6496118e-01
   1.3678523e+00
   1.1095266e+00
   1.4014771e+00
   1.4133338e+00
   1.2740409e+00
   1.8073902e+00
   1.4142074e+00
   7.3885804e-01
   2.0471248e-01
   7.9125464e-01
  -5.5680625e-02
   9.9735952e-01
  -1.8942942e-01
   5.5423462e-01
  -3.8199224e-01
  -4.5790041e-01
  -4.2352652e-01
  -7.8221953e-01
  -1.3004299e+00
  -1.1458176e+00
  -1.8540356e+00
  -2.2151562e+00
  -2.1576073e+00
  -1.8125591e+00
  -1.6152288e+00
  -1.1443724e+00
  -2.2719178e+00
  -2.5930932e+00
  -1.9014549e+00
  -1.7805762e+00
  -1.3322948e+00
  -1.2982882e+00
  -1.9682535e+00
  -1.0643086e+00
  -1.7200795e+00
  -1.0917788e+00
  -1.3242228e+00
  -1.2739380e+00
  -1.1252556e+00
  -1.0706373e+00
   5.7662650e-01
   7.7731580e-01
   9.8744989e-01
   5.0805834e-01
   7.3829599e-01
   8.8522170e-01
   5.5100986e-01
   1.1082922e+00
   9.1045848e-01
   4.0582921e-01
   1.2319089e+00
   1.1035146e+00
   1.5450930e+00
   9.8289055e-01
   1.0723282e+00
   6.1642875e-01
   3.9129055e-01
  -1.1924980e-01
  -7.7582143e-01
  -6.4704395e-01
  -7.6980345e-01
  -6.2096748e-01
   1.5683272e-01
  -6.6124231e-01
  -4.8473550e-01
  -9.5176767e-01
  -7.0975682e-01
  -8.0048871e-01
  -5.1535093e-01
   3.8439551e-01
   3.9652320e-01
   1.4303342e-01
  -9.3156175e-01
  -2.9323453e-01
  -5.5113257e-01
  -7.4939718e-01
  -4.6702807e-01
  -5.8949416e-01
  -5.3085679e-01
  -1.1592836e+00
  -1.2314642e+00
   2.6591945e-01
   2.4519212e-01
   6.9339750e-01
   6.9290011e-01
   1.0280079e+00
   1.0662459e+00
   4.3881813e-01
   5.4965508e-01
   6.7084361e-01
   8.9529867e-01
   1.9205621e+00
   2.2767368e+00
   2.1523989e+00
   1.3947802e+00
   1.6398311e+00
   1.3318957e+00
   1.0520077e+00
  -1.1554309e-01
  -7.7555237e-02
  -1.4607921e-01
   4.5767970e-01
  -2.4411103e-01
  -9.6314256e-01
  -5.3318509e-01
  -1.3771808e+00
  -8.2429464e-01
  -1.1467604e+00
  -1.0240070e+00
  -1.7585560e+00
  -1.1020212e+00
  -1.4053136e+00
  -1.5028376e+00
  -9.1138144e-01
  -1.1099843e+00
  -9.4557349e-01
  -1.0406745e+00
  -9.8501606e-01
  -5.4115933e-01
  -1.1274113e+00
  -1.0411034e+00
  -4.7623704e-01
   7.2768039e-01
   7.5879854e-01
   1.3027761e+00
   1.7192980e+00
   1.1305032e+00
   5.6809817e-01
   7.4240360e-01
   4.0187412e-01
   7.7518357e-01
   1.4568496e-01
   2.3564478e-01
   5.1973573e-01
   4.0493941e-01
   3.0862490e-01
   8.9395139e-01
   9.7894862e-01
   4.3569035e-01
  -3.9167078e-01
  -5.9291010e-01
  -7.4060040e-01
  -1.5466028e-01
  -6.7380103e-01
  -8.7517409e-01
  -4.2194294e-01
  -7.3954301e-01
  -1.1206521e+00
  -1.2293840e+00
  -6.8392847e-01
  -1.3998577e+00
  -1.7987609e+00
  -1.0266170e+00
  -1.4059778e+00
  -1.2943970e+00
  -1.3368309e+00
  -1.2507795e+00
  -1.3906178e+00
  -2.1031305e+00
  -2.0101068e+00
  -1.7570467e+00
  -1.2697587e+00
  -1.6326207e+00
   7.7965580e-02
  -1.0941358e-01
   4.9898073e-01
   7.9175944e-01
   1.0434969e+00
   1.7796392e+00
   1.3591781e+00
   9.6405316e-01
   1.1619772e+00
   1.5165853e+00
   1.2097808e+00
  -1.2198194e-01
   1.3294977e-01
   5.0002989e-01
   3.1069352e-01
   2.0447227e-01
   4.4062673e-02
  -3.3699910e-01
  -4.3929959e-01
  -4.2040427e-01
  -2.6834537e-01
  -2.6511002e-01
  -1.1289208e+00
  -8.6636622e-01
  -6.8171312e-01
  -1.1554129e+00
  -1.4176590e-02
  -2.3115096e-01
   3.1742630e-01
  -7.3843634e-02
  -1.5409116e-02
  -5.7501556e-01
  -3.9831351e-01
  -5.5532114e-01
  -1.6095923e-01
  -1.1386162e+00
  -8.7436210e-01
  -1.2257689e+00
  -1.2156353e+00
  -1.0706957e+00
  -1.0111074e+00
   9.9185022e-01
   9.7519922e-01
   1.1857102e+00
   1.1708336e+00
   8.9653741e-01
   5.2272228e-01
   6.1336020e-01
   1.1166420e+00
   4.8670588e-01
   7.1406273e-01
   7.8236762e-01
   1.0067495e+00
   1.0757242e+00
   1.1115792e+00
   4.4611197e-01
   5.0781640e-01
   9.7592485e-01
   2.3869842e-01
  -3.2188137e-01
  -1.2513190e+00
  -6.1991054e-01
  -1.1735886e+00
  -9.3917003e-01
  -1.0998008e+00
  -1.0168803e+00
  -5.6425572e-01
  -7.9107919e-01
  -7.7115083e-01
  -1.1146478e+00
  -1.2080446e+00
  -1.5245138e+00
  -1.0950792e+00
  -1.3963259e+00
  -7.1411042e-01
  -9.3407253e-01
  -6.8087146e-01
  -1.1172555e+00
  -1.1425572e+00
  -9.3542978e-01
  -5.7373067e-01
   1.1526987e+00
   1.3656509e+00
   3.3834549e-01
   8.1074346e-01
   4.5444463e-01
   1.0261736e+00
   4.8288696e-01
   3.6105791e-01
   6.9009902e-01
   5.6084885e-01
   4.5723637e-01
   2.3956239e-01
  -1.0129581e-01
  -2.7219714e-02
   3.1367567e-01
  -3.5192418e-01
  -2.4205984e-01
  -5.1401166e-01
  -9.9642224e-01
  -6.5523134e-01
   1.4286684e-01
   8.3601466e-02
   1.4758022e-01
  -1.1846948e-01
   1.3921796e-01
  -8.0422693e-01
  -6.2374525e-01
  -7.6162109e-01
  -9.6162712e-01
  -1.0129917e+00
  -9.1569291e-01
  -8.5100868e-01
  -8.9451852e-01
  -6.5731719e-01
  -2.6982782e-01
  -6.9646348e-01
  -5.2237226e-01
  -6.1787695e-01
  -4.1827145e-01
  -2.2150079e-02
  -2.2737347e-01
   3.8142678e-01
   1.0149470e+00
   1.3710728e+00
   1.4751368e+00
   1.6042329e+00
   1.8457913e+00
   1.7556669e+00
   9.4263832e-01
   2.2213102e-01
   7.1921912e-01
   2.0806706e-01
   5.7752158e-01
   2.3744431e-01
   4.5067041e-01
   1.3074816e+00
   8.5732190e-01
   7.3692027e-01
   7.8239197e-01
   5.5290859e-01
   7.0184130e-01
   5.6360233e-01
  -6.7827315e-02
   3.1041489e-02
   2.5634905e-01
   3.0718945e-01
   5.3780358e-01
   2.7077845e-02
   4.0891849e-01
  -1.2577938e+00
  -2.0563395e+00
  -1.7979774e+00
  -1.2062888e+00
  -1.4155372e+00
  -2.1254768e+00
  -1.5554056e+00
  -2.7318932e+00
  -2.2812306e+00
  -2.2685181e+00
  -1.6640414e+00
  -1.4421479e+00
  -1.4195236e+00
  -9.9133253e-01
  -1.7459085e-01
   4.4019959e-01
   8.2192453e-01
   6.8959601e-01
   4.6816745e-01
   7.8293979e-01
   8.8940347e-01
   6.3891230e-01
   1.0939576e+00
   1.2328453e+00
   1.0739693e+00
   4.5542053e-01
   9.2269876e-01
   7.8420448e-01
   6.6288677e-01
  -2.1028215e-01
  -1.0375229e+00
  -5.2247826e-01
  -1.2909605e+00
  -5.4274782e-01
  -1.0882239e+00
  -7.7411770e-01
  -6.5435757e-01
  -5.6089967e-01
  -2.9300711e-01
  -1.2071643e-01
  -5.6128508e-01
  -8.2552704e-01
  -9.3360916e-01
  -9.4244611e-01
  -7.2482606e-01
  -5.3165955e-01
  -3.0492500e-01
  -8.2896405e-01
  -4.8051455e-01
  -5.7109124e-01
  -1.8595200e+00
  -1.3800482e+00
  -1.1009229e+00
  -6.7305464e-01
  -5.7690416e-01
   5.7494304e-01
   1.0231117e-01
   1.2337653e+00
   1.1983095e+00
   5.8775261e-01
   1.0702426e+00
   1.2681117e+00
   1.3050960e+00
   9.7492351e-01
   7.5262330e-01
   7.2013059e-01
   9.8823642e-01
   6.1931406e-01
   1.1604072e+00
   7.7868802e-01
   7.8923826e-01
  -2.3645760e-01
  -7.6696397e-02
  -1.9496382e-01
  -6.5656569e-01
  -5.4201501e-01
  -6.5928060e-01
  -6.6517324e-01
  -1.3729543e+00
  -1.0139924e+00
  -1.0346096e+00
  -1.2558948e+00
  -8.6672732e-01
  -1.2341962e+00
  -1.3639745e+00
  -1.3721305e+00
  -7.7206008e-01
  -5.2661190e-01
  -6.3319114e-01
   1.9946150e-01
  -2.1976493e-01
  -2.4877906e-01
  -2.3482015e-01
  -2.4207439e-01
   1.3074397e+00
   1.2397165e+00
   1.5076361e+00
   1.6635070e+00
   1.7055678e+00
   1.5318949e+00
   1.2690960e+00
   1.2824840e+00
   5.1959471e-01
   3.6179583e-01
   4.6915224e-01
  -2.4486537e-01
   4.8166425e-01
   3.3026984e-01
   6.3353356e-01
   2.5247022e-01
   6.4103017e-01
   5.3015056e-01
  -1.4812315e-01
  -8.4236985e-01
  -1.5724704e-01
  -5.5216817e-01
  -7.8645455e-01
  -6.6654097e-01
  -2.8527822e-02
  -5.2241214e-01
  -5.8262906e-01
  -7.2300838e-01
  -7.8367675e-01
  -5.0785336e-01
  -1.0390588e+00
  -1.0239993e+00
  -1.3982328e+00
  -1.4547233e+00
  -9.8179797e-01
  -1.3390541e+00
  -1.0891606e+00
  -6.8345861e-01
  -1.8018302e-01
  -3.1516719e-01
   1.1139435e+00
   1.9478615e+00
   1.7857418e+00
   2.0857873e+00
   1.7323566e+00
   1.7512551e+00
   1.4286877e+00
   1.3879857e+00
   1.1264284e+00
   1.3547444e+00
   1.4469608e+00
   1.7915194e+00
   9.5406253e-01
   1.2192635e+00
   1.4593663e+00
   1.3006176e+00
   2.6266603e-01
   1.1689292e-02
  -1.4309446e-01
   1.0572060e-01
   4.7894454e-01
  -3.0824809e-01
   1.3144330e-01
   2.2821230e-01
  -3.7804242e-02
   1.2362455e-01
  -1.4669154e-01
   2.7027201e-01
  -8.6616859e-01
  -1.0550620e+00
  -1.0250358e+00
  -1.1559275e+00
  -8.4470908e-01
  -8.9981075e-01
  -1.0784114e+00
  -1.9818546e+00
  -2.5433272e+00
  -1.4786954e+00
  -1.5545536e+00
  -5.8062668e-01
  -5.3694886e-01
  -1.0166662e+00
  -1.2800005e-01
   9.2360291e-02
   8.0493191e-01
   2.3224590e-01
   4.9795931e-01
   1.2562515e-01
   4.2778859e-01
   6.0765506e-01
   4.0427144e-01
  -1.5896832e-01
   7.2589144e-02
   5.6140653e-01
  -9.7463265e-02
   1.6965996e-01
   9.3744968e-02
  -1.1868214e-01
  -1.6449506e-01
  -2.1182973e-01
  -6.3370253e-01
   4.6984787e-03
  -6.8111992e-01
  -6.0831102e-01
  -9.0182814e-01
  -1.5494278e+00
  -1.4670455e+00
  -1.9265912e+00
  -9.6599970e-01
  -1.0969190e+00
  -1.6847739e+00
  -9.9018810e-01
  -9.1799380e-01
  -8.0193548e-01
  -2.7288949e-01
  -1.5734901e-01
  -3.2523421e-01
   1.9999755e-01
  -7.0131237e-01
  -6.0679183e-01
  -1.0173556e+00
  -9.6458421e-02
   4.9141468e-01
   7.9241157e-01
   6.5267685e-01
   1.5384751e+00
   1.4382044e+00
   8.6053031e-01
   1.9609661e-02
   2.4371507e-01
   2.6987791e-02
   7.2501955e-01
  -5.0775648e-02
   4.9108886e-01
   4.6980608e-01
   3.4516496e-01
   5.2552285e-01
   5.8081149e-01
   2.5754697e-01
  -2.2148877e-01
   1.0980453e-01
  -5.4541412e-02
   7.5812587e-02
  -5.0064924e-01
  -3.0325131e-01
  -3.0109486e-01
  -4.6452835e-01
  -7.2764855e-01
  -1.2315835e+00
  -3.3322133e-01
  -1.0361953e-01
  -2.9411894e-01
  -1.1632731e+00
  -1.3208534e+00
  -7.6900566e-01
  -1.0977755e+00
  -7.3843073e-01
  -1.1200927e+00
  -7.2403044e-01
  -1.2107896e+00
  -8.3274004e-01
  -6.9312872e-01
   1.7582950e-01
   7.2615494e-01
   1.1792741e+00
   1.5951617e+00
   1.2342566e+00
   1.1960345e+00
   1.2486699e+00
   1.1251616e+00
   9.6587995e-01
   1.3607379e+00
   1.0890693e+00
   1.2985309e+00
   1.6940401e+00
   1.7596042e+00
   2.1402618e+00
   1.3926598e+00
   2.4720968e-01
   4.7647945e-01
  -6.9687213e-01
   5.6768577e-02
  -5.7835710e-01
  -5.6397750e-01
  -8.1585314e-01
  -7.4884417e-01
  -1.7171747e-01
  -6.8718534e-01
  -8.5500775e-01
  -9.1987811e-01
  -1.0079346e+00
  -8.7755426e-01
  -1.2137386e+00
  -9.1022577e-01
  -9.1226703e-01
  -8.6213675e-01
  -8.8326162e-01
  -7.0000058e-01
  -1.5872864e-02
  -5.3939789e-01
  -6.7451375e-01
  -8.4829726e-01
   1.9074658e-01
   1.3844278e+00
   1.8455625e+00
   1.8198312e+00
   2.0386282e+00
   2.1674630e+00
   1.6347765e+00
   1.2573660e+00
   1.6727804e+00
   9.4057827e-01
   8.5747166e-01
   7.8157100e-01
   8.8935468e-01
   4.8379529e-01
   3.7585226e-01
   4.9548378e-01
   8.4968585e-01
   3.0895012e-01
  -5.2829494e-01
  -3.1489695e-01
  -4.7398468e-02
  -3.2400499e-02
  -1.8110977e-01
   3.0057107e-01
   7.5339722e-01
   8.4761076e-01
  -2.7905408e-01
  -6.5742719e-01
  -4.5796822e-01
   6.1672240e-02
  -5.7559179e-01
  -2.4569130e+00
  -2.0828742e+00
  -1.9228512e+00
  -2.3292674e+00
  -1.4546576e+00
  -2.7554863e+00
  -2.2993103e+00
  -1.7506277e+00
  -1.4057497e+00
  -1.0535316e+00
  -7.1520098e-01
  -9.8885898e-01
  -3.5948901e-01
   8.3756586e-01
   1.0787011e+00
   1.2996397e+00
   1.2104403e+00
   1.2966465e+00
   9.3038254e-01
   1.3317780e+00
   8.1022576e-01
   1.0394519e+00
   5.7364133e-01
   1.0244813e+00
   5.0111001e-01
   2.8206921e-01
   3.8813595e-01
  -2.8856401e-01
  -3.9702301e-01
  -7.5643027e-01
  -3.6013780e-01
  -1.6367241e-01
  -3.7057139e-01
  -3.6843559e-01
  -5.3740823e-01
  -7.0887835e-01
  -5.2288340e-01
  -8.3874779e-01
  -6.0689014e-01
  -7.3236517e-01
  -2.9932168e-01
  -6.0337612e-01
  -7.2991112e-01
  -3.0916669e-01
  -7.0680489e-01
  -7.5327068e-01
  -7.8424187e-01
  -7.5891070e-01
  -9.6024126e-01
  -6.9136903e-01
   1.0064811e+00
   1.1108231e+00
   1.2707522e+00
   1.5049088e+00
   1.6374962e+00
   1.5147247e+00
   3.7982200e-01
   9.6855560e-01
  -9.8693045e-03
   8.3470399e-01
   2.1979954e-01
   5.2148905e-01
  -3.6481370e-02
   4.4862565e-01
   7.1522258e-01
   4.6016354e-01
   3.5917804e-01
   1.7346852e-01
  -7.0073366e-01
  -2.7678181e-01
  -2.9197194e-01
  -7.9313219e-01
  -1.0450598e+00
  -1.0804038e+00
  -1.1887358e+00
  -8.9031845e-01
  -7.5081779e-01
  -7.9683588e-01
  -5.4389434e-01
  -9.4638200e-01
  -1.4235368e+00
  -6.9445959e-01
  -1.4554995e+00
  -1.3487523e+00
  -1.4021770e+00
  -1.3186556e+00
  -1.2421934e+00
  -1.0445222e+00
   1.6809297e-01
  -2.8643126e-01
  -2.9427047e-01
   5.4092955e-01
   8.5882425e-01
   1.2436863e+00
   1.9278326e+00
   1.9611249e+00
   1.8054529e+00
   1.8285316e+00
   1.1848727e+00
   1.3675480e+00
   1.2502500e+00
   9.7782255e-01
   7.8127356e-01
   1.2295844e+00
   9.4601914e-01
   2.7388187e-01
   1.6161568e-01
   3.0366241e-01
  -9.0654708e-01
  -9.5939218e-03
  -9.8742457e-01
  -7.7971961e-01
  -7.2104195e-01
  -4.6524107e-01
  -5.5274473e-01
  -1.0359822e+00
  -8.0537004e-01
  -8.7307614e-01
  -1.9172165e-01
  -3.5215138e-01
   5.1154394e-01
   1.9211186e-01
  -2.0211577e-01
  -3.4883864e-01
  -1.1352444e+00
  -7.3353450e-01
  -6.0503482e-01
  -5.9561320e-01
  -8.7893731e-02
   3.0648470e-02
  -1.1931430e+00
  -2.7147011e-01
  -4.6366067e-01
   3.5556749e-01
   4.3966337e-01
   5.1858930e-01
   8.4170413e-01
   7.8215982e-01
   1.2547042e+00
   7.7015443e-01
   1.4120939e+00
   5.2899499e-01
   1.0041798e+00
   7.8350586e-01
   1.1202661e+00
   1.0429497e+00
   1.0910526e+00
   1.1455123e+00
   7.5498727e-01
  -7.5955759e-02
  -9.9423285e-02
  -7.2085934e-02
  -2.5733283e-01
  -1.3032514e+00
  -5.5355777e-01
  -9.8287893e-01
  -1.0484389e+00
  -1.3333369e+00
  -1.5685391e+00
  -9.4044428e-01
  -9.5307450e-01
  -8.5025254e-01
  -9.6505232e-01
  -5.6095928e-01
  -1.5982780e-01
  -1.1507411e+00
  -1.3332063e+00
  -7.6042131e-01
  -8.1272010e-01
  -7.9829754e-01
  -1.0859198e+00
  -2.5698270e+00
  -2.7039778e+00
  -8.1044390e-01
   3.3264818e-02
   2.5833116e-01
   3.6503187e-01
  -1.4176146e+00
  -9.0140562e-01
  -5.5705860e-01
  -2.1469659e-01
  -3.9396023e-01
   7.7860922e-03
  -8.1522000e-01
  -1.4834206e-01
  -1.8054794e-01
   4.3245427e-02
   6.2337113e-02
   2.0625235e-01
   3.0769504e-01
   1.3225949e-04
  -7.8202199e-02
  -2.2724700e-01
  -3.1217304e-01
  -2.8267336e-01
  -6.8708650e-01
  -1.8010805e-01
  -1.2712476e+00
  -9.2223584e-01
  -5.2415392e-01
  -3.3559163e-01
  -1.0020958e+00
  -1.5457771e+00
  -4.8780165e-01
  -1.3520895e+00
  -9.1048713e-01
  -1.3913887e+00
  -1.5418324e+00
  -1.4033463e+00
  -6.1192810e-01
  -8.3349733e-01
  -1.0422252e+00
  -8.0032299e-01
  -1.2122598e+00
   3.9290692e-01
   1.1295317e+00
   1.0628044e+00
   1.3411194e+00
   1.2426061e+00
   1.5756417e+00
   1.4226424e+00
   1.7210898e+00
   1.9393701e+00
   1.9923768e+00
   1.8996334e+00
   1.0920280e+00
   5.3635555e-01
   7.0053961e-01
   3.9336984e-01
   2.0698202e-01
  -3.8798031e-02
  -2.8383555e-01
  -2.8619626e-01
  -2.6254267e-01
  -5.6761330e-01
  -3.4085296e-01
  -5.9049334e-01
  -6.6744177e-01
  -4.2426136e-01
  -5.2749372e-01
  -9.8741211e-01
  -1.4518525e+00
  -1.2818537e+00
  -9.1691124e-01
  -7.0595837e-01
  -4.8743543e-01
  -8.5063722e-01
  -5.7435991e-01
  -3.4571501e-01
  -2.5189741e-01
  -1.3283645e+00
  -1.5814726e+00
  -1.0462038e+00
  -1.1054687e+00
  -9.4917425e-02
   6.9230893e-01
   1.9641840e+00
   2.2664075e+00
   2.0229247e+00
   2.6168318e+00
   1.7704113e+00
   1.4842171e+00
   1.5837054e+00
   1.5249476e+00
   1.2063637e+00
   1.6275284e+00
   1.2344382e+00
   1.0886276e+00
   1.2117209e+00
   1.0575565e+00
   3.0121905e-01
   5.2437956e-02
  -4.2816868e-01
  -1.7105534e-02
  -7.6162713e-01
  -1.4068406e+00
  -7.7435762e-01
  -9.6452162e-01
  -3.6417378e-01
  -6.0443604e-01
  -2.4468253e-01
  -9.8898689e-01
  -1.1119903e+00
  -9.1828259e-01
  -5.0767667e-01
  -4.7902873e-01
  -5.0089128e-01
  -3.7761386e-01
  -3.9788233e-01
  -5.7029146e-01
  -7.6573028e-01
  -1.4413561e+00
  -1.5453635e+00
  -1.1813286e+00
  -1.8587178e+00
   7.8944404e-01
   8.3151066e-01
   1.4094015e+00
   1.2762130e+00
   2.5657168e-01
   8.6494516e-01
   2.5727990e-01
   1.0080080e+00
   1.6514838e-01
   8.4674760e-01
   1.1499638e+00
   1.4380813e+00
   1.9009979e+00
   1.3108764e+00
   1.0011968e+00
   9.6873944e-01
   7.8433715e-01
   4.9607468e-01
  -1.8326864e-01
   1.0432206e-01
   3.9511676e-01
   8.5548494e-01
   4.7391009e-01
   8.9883966e-02
  -1.1156330e-01
  -6.7006747e-01
  -5.1893744e-01
  -4.2201991e-01
  -3.9296661e-01
  -1.4328588e+00
  -6.7984128e-01
  -1.3386842e+00
  -9.8245810e-01
  -1.2149541e+00
  -8.2444581e-01
  -6.1269625e-01
  -9.8143874e-01
  -4.8050042e-01
  -5.4566082e-01
  -7.5945248e-01
   2.1504350e-01
   1.6630586e+00
   1.3976977e+00
   1.9220434e+00
   2.2630146e+00
   1.8205493e+00
   2.3748009e+00
   1.8448293e+00
   2.0596312e+00
   1.2680509e+00
   1.5215212e+00
   1.6272919e+00
   1.3637369e+00
   4.5288191e-01
   3.1630411e-01
   8.5901237e-01
  -1.9485665e-02
  -1.3548742e-02
  -1.1790961e+00
  -3.6396422e-01
  -4.0825139e-01
  -1.4975447e-01
   4.0997370e-02
  -3.5288099e-01
  -4.8970094e-01
  -7.9431798e-01
  -5.4644593e-01
  -3.7408724e-01
  -7.2395715e-01
  -9.1764567e-01
  -4.8725402e-01
  -3.3566353e-01
  -8.0511854e-01
  -1.5269053e+00
  -9.9703511e-01
  -7.0016510e-01
  -7.7099355e-01
  -1.4556110e+00
  -9.2340948e-01
  -1.1559680e+00
  -1.4326761e+00
  -5.4960898e-02
   6.6682224e-01
   1.5018728e+00
   1.5009269e+00
   1.7409717e+00
   1.6846963e+00
   1.9113215e+00
   1.9044632e+00
   1.8089894e+00
   1.3088450e+00
   1.2539932e+00
   1.4461519e+00
   1.3261978e+00
   1.2128089e+00
   7.9316513e-01
   6.1738446e-01
   2.9476502e-01
  -5.3458895e-01
  -1.7623580e-01
  -2.9946276e-01
  -7.8902187e-01
  -9.3632479e-01
  -1.0841198e+00
  -5.0848873e-01
  -6.6414521e-01
  -1.3459967e+00
  -6.7322647e-01
  -5.3277399e-01
  -7.7017350e-01
  -6.5364265e-01
  -3.0786642e-01
  -5.8613938e-01
  -7.4515328e-01
  -7.0817849e-01
  -4.2810116e-01
  -5.0838391e-02
  -1.5193800e+00
  -2.8124563e+00
  -1.4839038e+00
  -2.0849212e+00
  -8.8714545e-01
  -3.0473585e-01
  -1.1501875e+00
   3.0780941e-01
  -1.7843913e-01
   4.1678321e-01
   9.9443371e-01
   2.2817497e-01
  -1.8292339e-01
   2.9080802e-01
   5.8967507e-01
   7.0279311e-01
   7.6014724e-01
   1.0643141e+00
   8.6897862e-01
   7.6254677e-01
   4.8468604e-01
   4.9489903e-01
   3.0472283e-01
  -1.7304303e-01
  -3.5098111e-01
  -6.2391711e-01
  -1.3694060e+00
  -5.7938499e-01
  -1.6294636e+00
  -4.1030723e-01
  -7.8625307e-01
  -6.3897183e-01
  -1.4164202e+00
  -8.4413761e-01
  -1.3335542e+00
  -1.0107418e+00
  -1.2480262e+00
  -1.2113440e+00
  -7.3544466e-01
  -6.0296570e-01
  -9.4500907e-01
  -6.9925377e-01
  -7.1205630e-01
  -1.0349889e+00
  -5.7915938e-01
   9.4746293e-01
   8.7421276e-01
   1.2916546e+00
   1.3676585e+00
   2.0265478e+00
   1.6331202e+00
   1.8053757e+00
   1.1277796e+00
   1.3768239e+00
   1.6351057e+00
   1.4752016e+00
   4.6898629e-01
   9.1912600e-03
   3.6984546e-01
  -7.6911061e-02
   4.7538548e-01
   4.6698690e-02
  -8.1224114e-02
  -5.0983823e-01
  -3.5104042e-01
  -3.2360379e-01
  -1.9635562e-01
   3.5703663e-02
  -8.8031518e-01
  -4.9744910e-01
  -1.2867950e+00
  -1.0163516e+00
  -9.4876905e-01
  -9.5747994e-01
  -5.4628352e-01
  -4.6952082e-01
  -4.6453126e-01
  -1.0821290e+00
  -6.0230323e-01
  -5.2032375e-01
  -2.6832157e-01
  -1.0027886e+00
  -1.2629240e+00
  -1.1010022e+00
  -1.0675221e+00
  -5.4308388e-01
   3.8745602e-01
   1.3382106e+00
   1.3350435e+00
   1.4332311e+00
   1.4171302e+00
   2.3504610e+00
   1.8195319e+00
   2.5139490e+00
   1.4004892e+00
   1.8747871e+00
   1.9675477e+00
   2.3073776e+00
   2.1760527e+00
   2.0713115e+00
   2.0397811e+00
   1.1229567e+00
   8.0673969e-01
   6.2212615e-01
   2.8017583e-01
  -2.5596906e-01
  -8.7480405e-01
  -5.8799087e-01
  -7.3193863e-01
  -2.6548024e-01
  -7.6685109e-01
  -1.1345913e+00
  -1.0860912e+00
  -1.1779910e+00
  -7.1800784e-01
  -4.1997882e-01
  -4.8014337e-01
  -2.2694960e-01
  -6.4645185e-01
  -7.6261878e-01
  -8.2693116e-01
  -4.9430944e-01
  -1.4328671e+00
  -1.6176911e+00
  -1.0973589e+00
  -1.8571497e+00
  -8.8843009e-02
   6.9758490e-01
   7.2892535e-01
   2.6930426e-01
   2.5999547e-02
   5.7262158e-01
   4.5479857e-01
   3.8031103e-01
   4.5036329e-01
   6.5966130e-01
   7.8546007e-01
   7.4932737e-01
   4.9668321e-01
   8.4014802e-01
   9.3430979e-01
   9.9290907e-01
   3.3462411e-01
   7.7494564e-01
   2.2679245e-01
   3.7625996e-01
  -1.5071443e-01
  -3.1522531e-01
  -6.8523748e-01
  -7.4097869e-01
  -8.0020801e-01
  -1.6157927e+00
  -7.6057874e-01
  -1.7227772e+00
  -1.7326615e+00
  -1.6057988e+00
  -1.7024653e+00
  -7.0901152e-01
  -2.2988722e-01
   1.3362382e-01
  -7.2657868e-01
  -9.7077462e-01
  -5.6021509e-01
  -4.0284811e-01
  -3.9747244e-01
  -1.3797898e-01
   8.0617176e-01
   1.5258535e+00
   1.0701780e+00
   1.5516032e+00
   1.2536742e+00
   1.4300127e+00
   1.3735468e+00
   9.7529087e-01
   1.1138077e+00
   1.5243090e+00
   1.6687980e+00
   4.0412394e-02
   8.0753731e-02
   1.2518409e-01
  -6.6551262e-01
   2.2105476e-01
  -3.5975482e-01
  -4.5584435e-01
  -3.1618244e-01
   1.4791332e-01
  -3.3898273e-01
  -2.3584422e-01
  -3.9287497e-01
  -2.3436600e-01
  -5.1387043e-01
  -4.4167068e-01
  -2.6004504e-01
  -6.2779308e-01
  -6.5994611e-01
  -3.7283164e-01
  -6.7607292e-01
  -4.6504823e-01
  -1.4159072e-01
  -1.0469334e+00
  -3.5477112e-01
  -5.5783331e-01
  -5.5401120e-01
  -1.1662895e+00
  -1.4048462e+00
  -8.5345610e-01
  -1.6291947e+00
   2.9299488e-01
   6.3761933e-01
   8.1811736e-01
   2.0155515e+00
   2.1955394e+00
   2.3072577e+00
   3.6947033e-01
   1.6205857e-01
   7.7582325e-01
   5.1673349e-01
   4.3091352e-01
   8.6678653e-01
  -5.5068647e-01
   3.3445697e-01
   4.0815649e-01
   5.0414976e-01
   2.7451155e-01
  -1.5069202e-01
  -1.3145770e+00
  -6.1583410e-01
  -9.4991860e-01
  -8.5359278e-01
  -6.2702412e-01
  -6.2163334e-01
  -6.1413167e-01
  -4.2924115e-01
  -1.3419894e-01
  -6.5759829e-01
  -6.9426411e-01
  -8.0661078e-01
  -3.2332960e-01
  -1.0178023e-01
  -2.5885347e-01
  -2.3335674e-01
  -4.8482749e-01
  -7.6159755e-01
  -9.1945535e-01
  -9.2459002e-01
  -6.9018255e-01
  -5.8167371e-01
  -3.4870412e-02
   8.9742829e-01
   1.3648382e+00
   1.0838392e+00
   1.6537277e+00
   1.6621139e+00
   1.5929557e+00
   6.7991338e-01
   7.4576304e-01
  -9.1140731e-02
   3.5317435e-01
   1.5970988e+00
   1.9284876e+00
   1.7036273e+00
   1.0419642e+00
   7.8758614e-01
   1.3367392e+00
   1.0038382e+00
   7.9557276e-01
  -4.0331500e-02
   6.1217455e-01
   5.2453931e-02
  -1.7568043e-01
   2.5978319e-01
  -8.4616279e-02
   2.5811602e-01
  -2.6021933e-02
  -8.3629317e-01
  -3.6620989e-01
  -1.6593463e-01
  -4.4103516e-01
  -1.1168916e+00
  -3.4961435e-01
  -6.1645326e-01
  -1.1595034e+00
  -8.0839305e-01
  -7.7430109e-01
  -7.8429827e-01
  -1.6338332e-01
  -5.7554162e-01
  -1.0261467e+00
  -3.1653256e-01
   2.7083963e+00
   2.1197530e+00
   9.1726042e-01
   3.8805359e-01
  -1.9485606e-01
  -4.9987527e-03
   8.3591061e-03
   4.4648923e-01
   2.2617384e+00
   1.2691479e+00
   1.4703308e+00
   6.7142585e-01
   1.0878685e+00
   1.8740720e-02
   1.7787255e-02
  -8.9101319e-01
   4.3793747e-01
   8.4485115e-01
   8.7180485e-01
   1.2456880e-01
   8.3320235e-02
   3.0234390e-01
  -2.9604468e-01
  -2.0343740e-02
   2.2099626e-01
  -8.8258356e-01
  -8.0035386e-02
  -5.9196648e-01
  -3.4058856e-01
   2.8764467e-01
   2.1677887e+00
   2.1360424e+00
   4.6898900e-01
   3.8843083e-01
   2.6324447e-02
  -2.1897809e-01
  -4.9922856e-01
   1.7887379e-01
   1.8524413e+00
   1.9071694e+00
   2.0128090e+00
   9.9218104e-01
   8.9550321e-01
   1.2683760e+00
   7.8752897e-01
  -8.9617574e-01
  -2.1695974e-01
   6.8021467e-01
   8.2661458e-01
   4.5740959e-01
   1.7642194e-01
  -1.3427045e-02
   2.9350738e-01
  -9.3064017e-02
   1.3603239e-01
  -3.5662569e-01
  -4.5866120e-01
  -4.9943922e-01
   2.6465021e-01
   7.9868265e-01
   2.2471420e+00
   1.9463464e+00
   1.0253328e+00
   7.6152607e-01
   2.2909247e-01
  -4.2923160e-01
  -1.1038194e-01
   1.0675540e+00
   1.2799889e+00
   2.0250825e+00
   1.4839813e+00
   1.7313796e+00
   1.1736503e+00
   3.8436377e-01
   3.4093373e-01
  -1.1661242e+00
  -3.6280893e-01
   1.2502323e+00
   8.2807288e-01
   4.4852992e-01
   2.2414648e-01
   3.6739411e-01
   2.0850078e-01
   7.8292579e-01
  -1.2387401e-01
   2.7466268e-01
  -8.9539598e-01
  -3.7762583e-01
  -7.6375673e-01
   6.2616634e-01
   2.6312518e+00
   2.8367352e+00
   1.4715052e+00
   8.9095454e-01
   1.0365490e+00
   2.5338798e-02
  -4.8401401e-03
   1.1416419e+00
   2.0081524e+00
   2.6399530e+00
   2.4513230e+00
   1.5146467e+00
   1.7452336e+00
   9.1905691e-01
   5.8060624e-01
  -4.4601018e-01
  -1.9820918e-01
   8.9182373e-01
   3.9560076e-01
  -5.1635511e-02
   7.6630162e-01
   5.5185082e-01
   5.5021673e-01
   4.0287120e-01
  -1.9613149e-01
   3.1730905e-01
  -2.1663233e-01
  -2.6829095e-01
   8.8139659e-02
  -3.0043363e-01
   1.8379676e+00
   3.1343330e+00
   2.0903089e+00
   9.6317922e-01
   3.2369178e-01
   1.5474653e-01
   1.0700746e+00
   1.6887770e+00
   1.6616599e+00
   2.9540152e+00
   2.8262832e+00
   2.8023121e+00
   1.8043937e+00
   1.0759860e+00
   1.1333221e+00
  -3.3027071e-02
  -9.6623664e-01
   2.3558155e-01
   4.9446825e-01
   8.1845857e-01
   1.0758625e+00
   8.7650309e-01
  -2.6946554e-01
  -1.1006590e-01
   1.4442006e-01
  -1.3617376e-01
   2.7496755e-01
  -3.0665958e-01
  -6.3765445e-01
  -4.1468011e-01
   4.3968052e-01
   2.2306456e+00
   2.3326120e+00
   1.2661291e+00
   3.1328369e-01
   1.8300535e-01
   3.4988049e-01
   9.2946207e-02
   2.1091822e+00
   2.5087102e+00
   2.6983877e+00
   2.3120634e+00
   1.2162127e+00
   1.1205612e+00
   1.1900848e+00
  -2.3199940e-02
  -1.0824567e+00
   5.1153294e-01
   4.9281654e-01
   8.8374285e-01
   4.5816265e-02
   4.7171592e-01
   5.7365062e-02
  -4.6662320e-01
  -3.3365781e-01
  -9.3104695e-02
  -1.3893000e-01
  -2.9070632e-01
  -8.8848629e-01
  -2.9332999e-01
  -5.3481245e-01
   2.4617438e+00
   2.6499819e+00
   1.7930848e+00
   3.5207388e-01
   9.1179124e-02
   1.3532314e-01
   3.9726880e-01
   1.5614603e+00
   2.0709380e+00
   2.2175479e+00
   2.2682513e+00
   2.1663129e+00
   2.1302683e+00
   1.5096000e+00
   5.7826286e-01
  -2.4692405e-01
   1.3512394e-01
   5.2404977e-01
   8.7505507e-01
   2.4813644e-01
   3.5490843e-01
  -6.0845434e-01
  -2.2808269e-01
  -7.9537230e-01
  -4.5859287e-01
  -2.0654203e-01
  -9.0352598e-01
  -4.6187043e-01
  -8.4374818e-01
  -9.0410019e-01
   1.4896898e+00
   2.6324892e+00
   1.6950991e+00
   1.0485394e+00
   4.7887928e-01
  -1.0043271e-02
   6.4553836e-01
   1.0619889e+00
   1.3234899e+00
   2.3277836e+00
   2.1066804e+00
   2.4267921e+00
   2.0160493e+00
   1.4221975e+00
   6.9843098e-01
  -5.2808686e-01
  -5.4637749e-01
   3.1384783e-01
   1.0812343e+00
   5.0856467e-01
   8.1692502e-01
   1.0576910e-01
  -1.7893122e-01
  -2.0264085e-01
   1.4790430e-01
   4.7844558e-01
   1.1508663e-01
  -9.1785286e-01
  -5.6650590e-01
  -1.5871537e+00
   2.4273636e-01
   1.8693335e+00
   1.6928906e+00
   1.3426981e+00
   4.3593252e-01
   6.2504754e-01
   1.1541120e-01
   8.3062268e-01
   1.6849896e+00
   2.0693418e+00
   2.1589007e+00
   1.4041007e+00
   1.2649813e+00
   7.0271150e-01
   3.1251829e-01
  -7.2590126e-01
  -6.7233260e-01
  -2.5356949e-01
  -3.7978432e-02
  -5.8492075e-01
  -1.6940185e-01
  -8.4713096e-01
  -3.7833297e-01
  -4.8767576e-01
  -9.4342468e-01
  -1.5564791e+00
  -1.0961084e+00
  -8.0310438e-01
  -1.0613845e+00
  -9.9989187e-01
  -2.8591374e-01
   2.4578172e+00
   2.3465918e+00
   9.3951773e-01
  -1.5756653e-01
  -1.0399916e+00
   5.1705632e-02
   3.1478848e-02
   3.3747942e-01
   2.4396346e+00
   2.2034382e+00
   1.6955868e+00
   1.7034137e+00
   1.2530410e+00
   8.6416932e-01
  -2.4713621e-01
  -7.3898622e-01
   4.8927996e-01
   1.3153959e-01
   6.8159865e-01
  -1.4106657e-01
   3.8126712e-01
  -2.2872672e-01
  -3.2653893e-01
  -5.1610873e-01
  -1.6724957e-01
  -1.3951022e+00
  -6.0144667e-01
  -7.7594192e-01
  -5.5329518e-01
  -9.5317498e-01
   2.2599346e+00
   2.4597766e+00
   1.0089330e+00
  -1.7205796e-01
   3.1279209e-01
  -8.6487863e-01
  -8.1609677e-01
  -8.3172132e-01
   1.1985629e+00
   1.7917930e+00
   1.5169188e+00
   2.9011084e-01
   3.2233268e-01
   5.7615460e-01
   2.5316202e-01
  -8.0967707e-01
  -6.2102459e-01
  -5.9816256e-01
  -9.4581816e-02
  -4.1659707e-01
  -1.2642052e-01
  -7.1661838e-01
  -6.5088265e-01
  -9.4990250e-01
  -3.1578879e-01
  -7.8566281e-01
  -9.0238039e-01
  -4.2577132e-01
  -1.3200385e+00
  -8.1318655e-01
   2.1563580e+00
   2.5252154e+00
   1.0575326e+00
   6.8786718e-02
  -3.2168654e-01
  -1.1214652e-01
   1.0364858e-01
   4.9245005e-01
   2.0820226e+00
   1.8273445e+00
   1.5320407e+00
   6.9882268e-01
   2.6258020e-01
   4.3001991e-01
   1.1104538e-01
  -1.1835011e+00
  -2.9757901e-01
   6.2209299e-01
   4.9831692e-01
   7.8973944e-02
   1.7927500e-01
   2.3370408e-01
  -5.1377958e-01
  -7.4206459e-01
  -6.7510031e-01
  -7.7191319e-01
  -6.6633928e-01
  -1.2261157e+00
  -9.7298448e-01
  -7.4388352e-01
   1.8140287e+00
   1.9489540e+00
   9.7960884e-01
  -4.4447641e-01
  -7.4784155e-01
  -6.7439891e-01
  -5.3290507e-01
  -4.4404563e-01
   3.6350463e-01
   1.4671595e+00
   1.8805752e+00
   1.1433516e+00
   5.1344891e-01
   2.8671320e-01
   3.9542237e-01
  -5.6914301e-01
  -8.0195671e-01
  -4.4869904e-01
  -1.8893094e-01
  -2.1737029e-01
  -1.0620121e-01
  -1.7864390e-01
  -9.8778453e-01
  -7.2528614e-01
   1.4661200e-01
  -1.9953972e-01
  -4.3134204e-01
  -6.8972282e-01
  -6.5757657e-01
  -1.1708694e+00
  -9.0546148e-01
   1.8835668e+00
   2.1343536e+00
   7.0404949e-01
   1.5866164e-01
  -3.5220555e-02
   3.6280348e-01
   3.5271762e-01
   9.1226022e-01
   1.5138358e+00
   1.8369201e+00
   1.1033069e+00
   1.2944347e+00
   4.8414373e-01
   5.5359647e-02
   9.7214293e-03
  -1.0637349e+00
  -7.0323823e-01
  -5.4593298e-02
   7.2579294e-01
  -5.3418011e-02
  -5.2064558e-01
  -9.0513206e-02
   3.2451438e-01
  -1.4079886e-01
  -6.6579874e-01
  -8.9346940e-01
  -5.7685628e-01
  -1.1462190e+00
  -1.1143492e+00
  -9.7155369e-01
   1.8110941e+00
   2.2014411e+00
   1.1707172e+00
   2.7121837e-01
   8.3622030e-02
   5.8678232e-02
   2.7012403e-02
   2.4372308e-01
   1.7571198e+00
   1.9071700e+00
   1.2850789e+00
   1.0859261e+00
   8.8442428e-01
   5.0552399e-01
   1.4805968e-01
  -4.6417783e-01
  -9.9345240e-01
   9.1658833e-02
   1.2311336e-01
   6.4083591e-01
   2.4914623e-01
  -2.5339838e-01
  -2.4012088e-01
  -6.6780603e-01
  -6.5429849e-01
  -6.1459873e-01
  -8.8970220e-01
  -3.6734752e-01
  -1.2177245e+00
  -1.2333514e+00
  -8.1511142e-01
  -1.0076640e+00
   1.9726873e+00
   1.9218500e+00
   4.4729587e-01
   1.1663031e-02
  -6.9957275e-01
  -4.1638331e-01
  -1.1753052e-01
   3.3949834e-02
   1.2614089e+00
   2.2553469e+00
   1.3620080e+00
   9.6946088e-01
   8.6334791e-01
  -1.2424986e-02
  -2.9245814e-01
  -1.1655694e+00
  -4.5366004e-01
   1.2911378e-01
  -2.1833344e-01
  -9.6283095e-02
  -3.9988053e-01
  -4.0729643e-01
  -5.7989142e-01
  -3.3882834e-01
  -8.3590400e-01
  -3.2190389e-01
  -1.1096397e+00
  -6.1129469e-01
  -1.2213888e+00
  -1.7560253e+00
  -1.7915668e+00
  -6.9520341e-01
   1.8451934e+00
   1.4150761e+00
   3.3659512e-01
  -1.4341871e-01
  -1.2998784e-01
  -1.0110749e+00
  -1.3118568e+00
   8.6124475e-01
   1.5938180e+00
   1.4641720e+00
   1.5739143e+00
   1.1692086e+00
   1.3133857e+00
   6.6821909e-01
   1.6546799e-03
  -5.1360250e-01
  -3.8001002e-01
   3.1922782e-02
  -1.0818157e-01
   1.0430345e-01
  -3.1216130e-01
  -4.2660984e-01
  -2.2913470e-01
  -6.6144250e-01
  -1.1772988e+00
  -3.9509871e-01
  -9.9341332e-01
  -9.4529231e-01
  -8.2083130e-01
  -7.9080067e-01
   1.1542865e+00
   2.3278189e+00
   1.4330926e+00
  -5.9954168e-01
  -9.4375987e-01
  -7.2804955e-01
  -9.3097455e-01
   2.9525735e-02
   1.5122944e+00
   1.9214470e+00
   1.9683947e+00
   9.3674164e-01
   8.5226669e-01
   5.6095936e-01
  -1.7024783e-01
  -1.0072490e+00
  -1.1508608e+00
  -3.9209270e-01
   5.6253424e-02
   3.1941826e-01
  -9.7160924e-01
  -4.8397474e-01
  -4.9256850e-01
  -5.8801198e-01
  -3.4631751e-01
  -8.8099485e-01
  -1.0435627e+00
  -1.6667799e+00
  -1.5789480e+00
  -9.0454104e-01
   1.1533256e+00
   2.1467289e+00
   1.4718952e+00
   8.0458126e-01
  -1.1089144e-01
  -6.0189684e-01
   1.2634816e-01
  -2.3836045e-01
   7.0181405e-01
   2.1655742e+00
   1.7628056e+00
   1.3551625e+00
   8.7639059e-01
   3.2432551e-01
  -1.2283344e-01
  -1.1911261e+00
  -1.6736929e+00
  -2.9614456e-01
  -2.5930936e-01
  -2.8392240e-01
  -7.9680737e-01
  -5.7582899e-01
  -5.8345159e-01
  -3.7244554e-01
  -9.5290668e-01
  -6.1894679e-01
  -4.5314913e-01
  -3.5171365e-01
  -1.2168776e+00
  -1.0274263e+00
  -3.0460718e-01
   2.1166976e+00
   1.9120344e+00
   6.6221531e-01
   8.8051889e-02
  -7.2875688e-01
  -8.3459706e-01
  -8.1454863e-01
  -3.0122592e-01
   1.3659738e+00
   1.7167862e+00
   1.9035140e+00
   1.1726936e+00
   5.9155950e-01
   2.7937409e-01
   3.7511872e-01
  -1.8095016e+00
  -1.3130233e+00
  -3.4799816e-01
   3.9368072e-01
   1.3914972e-01
  -8.2020052e-01
  -7.2631065e-01
  -3.7093516e-01
  -9.6032656e-01
  -6.4142977e-03
  -3.5438318e-01
  -3.1580544e-01
  -5.0019400e-01
  -1.2247458e+00
  -4.6545820e-01
   1.4610352e+00
   2.4991821e+00
   9.0961741e-01
   2.9793374e-01
  -1.1470594e+00
  -1.1581173e+00
  -6.4228936e-01
   2.6204779e-01
   1.1882495e+00
   2.1452255e+00
   9.8962350e-01
   1.0490734e+00
   1.7404118e+00
   9.9822332e-01
   1.5973935e-01
  -7.5886919e-01
  -3.7461590e-04
   4.3910267e-01
   4.2511892e-02
   2.9596586e-01
  -3.5662714e-01
  -7.1484031e-01
   3.6670652e-02
  -5.9256138e-01
  -9.3214332e-02
  -3.6174206e-01
  -6.8006955e-01
  -7.2529934e-01
  -5.7079771e-01
  -3.9456916e-01
   1.0707895e+00
   2.3393964e+00
   1.3203479e+00
   5.1933429e-01
  -2.9325947e-02
  -1.7076143e-01
  -4.5098180e-01
  -1.8054752e-01
   1.0580758e+00
   2.0675199e+00
   1.6891892e+00
   1.4947573e+00
   1.0761339e+00
   8.9894856e-01
   5.0220385e-01
  -1.0073835e+00
  -8.8322995e-01
  -4.9400803e-01
  -9.8251763e-02
   5.6575009e-01
  -6.1185136e-02
   2.2721213e-01
   1.7395430e-01
  -4.9433461e-01
  -2.4871849e-01
  -3.3686579e-01
  -2.7453000e-01
  -7.5441570e-01
  -7.7021038e-01
  -6.9258690e-01
  -1.5429790e-01
   1.4255908e+00
   5.3024526e-02
  -7.5048436e-01
  -1.1892970e+00
  -1.1749720e+00
  -7.1188947e-01
  -1.9954680e-01
   5.3142756e-01
   9.5283767e-01
   1.2965985e+00
   9.9170213e-01
   1.0043228e+00
   6.2029350e-01
   2.4560430e-01
  -2.4054431e-01
  -7.1523339e-01
  -2.1436595e-01
  -5.7610811e-01
   5.3819119e-01
  -1.0628019e-01
   7.1631386e-02
  -2.2376746e-01
  -5.6188529e-02
   1.7087489e-01
  -8.2172026e-01
  -3.3956060e-01
  -9.2789547e-01
  -9.6772006e-01
  -1.0286587e+00
  -7.3473083e-01
   1.9404189e+00
   1.7254100e+00
   1.1202275e+00
   1.0665031e-01
  -2.3196204e-01
  -1.7318209e-02
   4.7036784e-01
   3.8206404e-01
   5.5655024e-01
   1.3228931e+00
   1.3367752e+00
   1.8293320e+00
   1.0227949e+00
   1.9515535e-01
  -3.0442435e-01
  -8.7325488e-01
  -1.6705772e+00
  -3.5750680e-01
  -1.4539387e-01
   2.2612872e-01
  -3.1453430e-01
  -8.7204554e-02
  -2.9463943e-01
  -7.1019323e-01
  -8.6978180e-01
  -1.5374244e-01
  -7.6090415e-01
  -3.7432406e-01
  -1.4296331e+00
  -6.7022406e-02
   1.4615386e+00
   1.9874717e+00
   8.9079344e-01
  -1.6092789e-01
  -2.7391528e-01
  -8.2821252e-01
  -3.5902215e-01
  -9.6801747e-02
   7.5718412e-01
   1.7298425e+00
   1.5510211e+00
   9.1943592e-01
   4.5427335e-01
   6.7662174e-01
   2.0278574e-01
  -1.1799804e+00
  -1.1050722e+00
   3.5526323e-01
  -4.9203870e-01
   3.3273479e-01
  -1.5199363e-01
  -3.3943359e-01
  -2.9278680e-01
  -1.5735380e-01
  -4.5807897e-01
  -6.6330589e-01
  -4.0050385e-01
  -6.2071125e-01
  -8.3181756e-01
  -7.6514507e-01
   2.9297594e-01
   2.6124061e+00
   1.4018925e+00
   4.2114959e-01
   3.6861425e-01
  -7.1090797e-01
  -1.1053918e+00
  -5.4627319e-01
  -2.9590680e-01
   1.7940346e+00
   1.7379068e+00
   1.2946727e+00
   9.2091046e-01
   1.0471284e+00
   8.0653295e-02
   1.1637598e-01
  -1.2077806e+00
  -2.4482985e-01
  -3.0292149e-01
   2.9439500e-01
  -5.0802038e-01
  -4.3785614e-01
  -3.9528679e-01
   2.2123035e-01
  -5.1699298e-02
  -8.2215150e-02
  -2.3078098e-01
  -1.2479517e+00
  -9.7337661e-01
  -7.2150156e-01
  -7.0801998e-01
  -3.6557675e-01
  -4.4530217e-01
  -1.2720747e+00
  -1.8277265e+00
  -1.0683084e+00
  -1.7391373e+00
  -1.5729997e+00
  -1.0713274e+00
  -6.2522510e-01
   1.8622296e+00
   1.6351879e+00
   1.0651729e+00
   3.5152859e-01
   3.3250871e-01
  -2.2053081e-01
  -1.1207462e+00
  -9.4072398e-01
   8.0812335e-02
  -1.9483379e-01
  -1.2306552e-01
   3.0701282e-01
   1.2073752e-01
  -3.3550204e-01
  -4.5217007e-01
   4.5949006e-02
  -4.6260602e-01
  -2.7460473e-01
  -7.1352205e-01
  -8.0393910e-01
  -5.9506524e-01
   2.0269588e+00
   2.6384813e+00
   1.3829081e+00
   5.1453517e-01
  -6.5228599e-01
  -8.6086607e-01
  -3.7475200e-01
  -2.1575256e-01
   1.0173865e+00
   2.5220008e+00
   1.6506968e+00
   1.0690485e+00
   4.2318140e-01
   2.6825568e-01
  -3.3688058e-01
  -6.2405433e-01
  -6.8901960e-01
   1.3934662e-01
  -4.7103006e-02
   9.6994716e-01
   6.8010860e-02
   3.8957066e-01
  -4.3957991e-01
  -3.6115215e-01
  -6.2679084e-02
   1.0287083e-02
  -1.1250158e+00
  -9.4950424e-01
  -1.0300120e+00
  -4.5969465e-01
   2.0914135e-01
   1.5961041e+00
   8.9903862e-01
  -1.3779325e-01
  -5.2906812e-01
  -1.1735104e+00
  -8.0565273e-01
  -4.2097329e-01
  -1.8518689e-01
   8.1779160e-01
   2.1598644e+00
   1.4148884e+00
   1.0188652e+00
   8.3601266e-01
  -3.0090099e-01
  -4.6293748e-01
  -1.7623797e+00
   4.4511663e-02
   2.6910342e-01
  -1.4759601e-01
  -1.5709082e-01
  -2.5247492e-01
  -5.8616959e-01
  -1.4286926e+00
  -5.5886570e-01
  -5.3819978e-01
  -9.4534018e-01
  -6.8515278e-01
  -1.2459646e+00
  -1.3397352e+00
  -1.3010419e+00
  -9.1980871e-01
  -2.0997445e-01
  -8.1936790e-01
  -2.2992882e+00
  -1.8538820e+00
  -2.0370331e+00
  -1.5688083e+00
  -1.6571433e+00
  -1.2266897e+00
   8.6118511e-02
   1.1362673e+00
   1.3595188e+00
   7.9413114e-01
   1.1949699e+00
   5.3707441e-01
  -3.0550527e-01
  -1.1029505e+00
  -9.9598791e-01
  -4.5097228e-01
   3.7738308e-01
  -8.2365681e-02
  -1.0693129e+00
  -5.8750196e-01
  -6.2242155e-01
  -8.7686257e-01
  -1.4226619e+00
  -6.2740426e-01
  -1.7032074e+00
  -8.4410695e-01
  -1.3380340e-01
  -1.0131639e+00
   1.3704338e+00
   1.5570774e+00
  -5.2975288e-01
  -8.2017587e-01
  -6.3410887e-01
  -4.1574736e-01
  -2.4801131e-01
  -3.4099981e-01
  -4.7082964e-02
   1.8205338e+00
   1.7800803e+00
   1.5665763e+00
   9.2300829e-01
   7.1330072e-01
  -1.1221811e-01
  -9.2532249e-01
  -1.4300074e+00
  -3.2476685e-01
  -1.4624776e-01
  -1.7560978e-01
  -8.0067139e-01
  -9.3030206e-01
  -7.6676780e-01
  -4.9913782e-01
  -5.6568398e-01
  -1.5129750e+00
  -1.2974820e+00
  -1.3256687e+00
  -1.0065557e+00
  -1.1961615e+00
   6.2223632e-01
   2.4929107e+00
   1.6495854e+00
   2.7169789e-01
  -5.7171438e-01
  -6.9409964e-01
  -9.0999164e-01
  -9.6910589e-01
  -1.0728080e+00
   7.7412713e-01
   1.7080802e+00
   1.5818977e+00
   1.2950509e+00
   1.0019549e+00
  -3.2290205e-01
  -2.2851837e-01
  -1.2033477e+00
  -1.2119318e-01
  -1.9084502e-02
  -2.1359514e-01
   4.9500430e-01
  -1.4639846e-01
  -6.4888781e-02
   9.9167723e-02
   5.4270711e-01
  -5.3570038e-01
  -3.2367240e-01
  -7.2970762e-01
  -9.4432242e-01
  -1.1386252e+00
  -8.9626652e-01
   1.6646319e+00
   2.0446728e+00
   7.3858698e-01
  -7.1440473e-01
  -1.0098380e+00
  -1.5945773e+00
  -9.5216477e-01
  -1.4847665e+00
   5.4593897e-02
   1.6884923e+00
   2.5005539e+00
   2.1426591e+00
   1.4681758e+00
   4.9156686e-01
   2.7143990e-01
  -1.0576659e+00
  -7.5786048e-01
  -2.5363683e-01
   9.8752813e-03
   6.5769981e-01
   5.9088610e-01
   1.8971036e-01
   6.4144071e-02
  -5.8793405e-01
  -6.4295271e-01
  -5.3435426e-01
  -7.4765913e-01
  -5.9137079e-01
  -2.2508608e-01
  -2.3488614e-01
   1.5377163e+00
   2.3316510e+00
   1.2743437e+00
  -2.1345634e-01
  -7.5288596e-01
  -1.7355525e+00
  -9.3585553e-01
  -1.1168051e+00
   1.6101095e+00
   2.3155621e+00
   1.6038814e+00
   1.5408539e+00
   9.3372473e-01
   8.1330256e-01
   2.9512600e-01
  -1.2388169e+00
  -1.9439729e+00
   3.4495164e-01
  -4.6168720e-02
   5.5401954e-01
   4.1215171e-01
  -6.9216079e-01
  -6.7067556e-01
  -4.6677225e-01
   2.4060284e-01
  -1.3641968e-03
  -7.6413204e-02
  -5.7308450e-01
  -5.3520499e-01
  -9.0408781e-01
   2.1071427e-01
   2.0860829e+00
   1.4406569e+00
   4.3669135e-01
  -3.6885180e-01
  -8.1073026e-01
  -7.8561377e-01
  -6.8299436e-01
  -7.9734315e-01
   1.1600813e+00
   2.1530200e+00
   9.2922111e-01
   1.0292271e+00
   4.9111048e-01
   7.1260504e-01
   1.1008756e-01
  -7.0565590e-01
   3.3817870e-01
   1.8828065e-01
   5.4122718e-01
   7.2479637e-01
   2.0443447e-01
  -5.4439307e-01
  -2.9885843e-01
  -7.4499219e-01
  -2.5684637e-01
  -6.0368073e-01
  -1.3168430e+00
  -1.2695349e+00
  -1.6110112e+00
  -1.2108931e+00
   1.0724301e+00
   2.4092242e+00
   1.1305753e+00
   6.3654415e-02
  -4.8761353e-02
  -4.2127510e-01
  -7.5543941e-01
  -1.8088617e-01
   1.3776333e+00
   1.4460953e+00
   1.5463598e+00
   1.1207658e+00
   4.0890221e-01
   4.5929528e-01
  -3.3252030e-01
  -1.4929542e+00
  -9.2495111e-01
  -4.3139275e-01
  -3.0286483e-01
  -1.4430997e-01
  -6.5856684e-01
  -1.1082317e+00
  -6.6117890e-01
  -9.7516842e-01
  -1.2540196e+00
  -1.4141775e+00
  -1.3460124e+00
  -1.4061664e+00
  -1.4043829e+00
  -1.9505830e+00
  -5.5199591e-01
   2.2984768e-01
   1.9035514e-01
  -1.1827819e+00
  -1.3822592e+00
  -9.8916093e-01
  -6.5142362e-01
  -1.0713416e+00
  -5.3465519e-01
  -4.5647093e-01
   1.6678265e+00
   1.0951006e+00
   8.4545739e-01
   1.3613256e-01
  -5.4367852e-01
  -4.2577052e-01
  -1.0442623e+00
  -6.3823725e-01
  -1.7879702e-01
  -3.7136676e-01
  -3.2926507e-01
  -1.1945432e+00
  -7.3430970e-01
  -3.5751666e-01
  -2.4169058e-01
   2.9017027e-01
  -1.1348648e-01
   8.6181307e-02
  -2.8938888e-01
  -1.0158197e+00
  -7.4154145e-01
   9.7694385e-01
   1.8225184e+00
   1.0814833e+00
  -7.8176406e-01
  -2.2782454e-01
  -1.1659762e+00
  -3.3342468e-01
  -1.4679851e+00
  -3.2324408e-01
   7.0137624e-01
   1.8936028e+00
   1.1274812e+00
   3.9211845e-01
   4.7125131e-01
   2.7169754e-02
  -4.7971308e-01
  -1.5262796e+00
  -6.5416761e-01
  -3.8373949e-01
  -3.1632300e-01
  -6.2745807e-01
  -4.9100399e-01
  -9.9617395e-01
  -6.3418799e-01
  -3.7308491e-01
  -2.4726536e-01
  -1.1595884e+00
  -8.2364837e-01
  -6.5995416e-01
  -3.8662495e-01
   8.6860860e-01
   2.3017618e+00
   1.4557549e+00
  -1.1546486e-01
  -1.1697456e-01
  -4.5701823e-01
  -8.2509277e-01
  -4.3188805e-01
   4.0977422e-01
   1.5614199e+00
   1.5380927e+00
   1.2344671e+00
   7.6036673e-01
   8.2084486e-01
   6.9091563e-01
  -2.3524744e-01
  -1.4280107e+00
  -7.6922173e-01
  -9.0458049e-01
   5.0687096e-02
  -6.9243488e-01
  -8.3626158e-01
  -6.3613824e-01
  -1.2270845e+00
  -5.2410386e-01
  -6.7596812e-01
  -1.4344103e+00
  -1.3277631e+00
  -8.3088372e-01
  -1.3455341e+00
  -1.4110372e+00
   1.6930579e+00
   1.7091191e+00
   6.1973875e-01
  -1.9741600e-01
  -8.8933469e-01
  -1.3786096e+00
  -1.0874532e+00
  -4.4961309e-01
   4.6525667e-01
   1.2607397e+00
   5.3349660e-01
   8.1964073e-01
   7.5532264e-01
   3.9857879e-01
   7.5339306e-02
  -1.3300005e+00
  -2.9816515e-01
  -3.5901408e-01
  -1.3962467e-01
  -1.2548278e-01
  -4.4675009e-01
  -9.0633320e-01
  -8.8538195e-01
  -8.7727629e-01
  -3.7867776e-01
  -6.1963443e-01
  -9.9418805e-01
  -7.6736459e-01
  -5.4061251e-01
  -2.6413002e-01
   1.8725772e-01
   2.0498214e+00
   1.4473949e+00
  -2.1717966e-01
  -7.9288628e-01
  -1.0209583e+00
  -4.6795483e-01
  -4.2502111e-01
  -9.0829570e-02
   2.2288855e+00
   1.7055749e+00
   1.0791911e+00
   1.4902210e+00
   1.0786177e+00
   1.4171703e+00
   3.9338893e-01
  -8.1726566e-01
  -4.0773935e-02
   8.1757522e-02
   1.1124756e-01
   2.3416158e-02
  -1.3662053e-01
   1.5925193e-01
  -3.6477155e-01
  -2.7971346e-01
  -6.4064956e-01
  -4.6887334e-01
  -7.6990886e-01
  -3.6821264e-01
  -1.1476260e+00
  -7.9243670e-01
   1.1258938e+00
   2.2511855e+00
   7.4308383e-01
  -1.0036915e+00
  -9.0176951e-01
  -1.0455272e+00
  -2.8573832e-01
  -2.3882358e-01
   1.0975205e+00
   1.5955382e+00
   1.6401451e+00
   1.7403598e+00
   1.1955995e+00
   1.0533767e+00
   5.7267116e-01
  -5.4701026e-01
   2.3185663e-03
   4.8169771e-02
   1.3530145e-01
   3.2560791e-02
  -6.0139772e-02
   4.7110580e-02
  -6.5379514e-01
  -4.8815881e-01
  -4.5551061e-01
  -6.7277984e-01
  -1.5145050e+00
  -1.1018395e+00
  -1.0172584e+00
  -1.0788782e+00
  -1.2708370e+00
   1.1585588e+00
   1.9391524e+00
   2.5893161e-01
  -2.9370175e-01
  -4.6009183e-01
  -5.9271142e-01
  -8.2507053e-02
  -1.5225345e-01
   9.9375086e-01
   1.8975687e+00
   1.0406114e+00
   5.8821198e-01
   6.3371226e-02
  -2.7973326e-01
  -3.4825672e-01
  -1.0431124e+00
  -5.2327077e-01
   8.0087035e-02
   3.4166700e-01
   3.5033561e-01
  -2.9132286e-01
  -1.1083763e+00
  -6.1546154e-01
  -6.1898115e-01
  -3.9667086e-01
  -8.8120882e-01
  -1.0528685e+00
  -4.6271119e-01
  -4.5485329e-01
  -1.0242349e+00
   1.4191679e+00
   2.2290715e+00
   7.2788336e-01
  -7.2295238e-01
  -5.9610981e-01
  -1.2206431e+00
  -6.9887244e-01
  -2.7259199e-01
  -1.3783252e+00
   1.4197713e+00
   1.6235202e+00
   1.2874917e+00
   4.3145050e-01
   4.6302573e-01
  -1.9949969e-01
  -5.1138776e-01
  -1.6005503e+00
  -2.2527027e-01
  -2.3481022e-01
   6.4111557e-02
  -2.3285302e-01
  -6.4267799e-01
  -6.9510471e-01
  -8.4030731e-01
  -8.8288988e-02
  -3.1102255e-01
  -5.2707251e-01
  -1.1991945e-01
  -9.9429103e-01
  -6.4520670e-01
  -4.7838919e-01
   1.8868079e+00
   1.7965435e+00
   6.6722738e-01
  -9.0909504e-02
  -1.2918660e-01
  -7.3988503e-01
  -4.8025465e-01
   2.8128524e-03
  -9.1589558e-01
   1.0324667e+00
   1.0902530e+00
   1.0927725e+00
  -1.8436408e-01
   3.6263243e-01
  -3.5629675e-01
  -8.9974673e-01
  -1.1930741e+00
  -7.6457779e-01
  -9.8243751e-01
  -1.1798709e-01
  -5.7401629e-01
  -3.8670062e-01
  -1.3995805e+00
  -1.0041334e+00
  -1.0609303e+00
  -1.0724868e+00
  -1.0426900e+00
  -1.6058087e+00
  -5.3963717e-01
  -8.0100345e-01
  -8.0942550e-01
  -3.4540160e-01
  -1.6063057e-01
  -8.8724682e-01
  -1.1162741e+00
  -9.9437341e-01
  -1.4526410e+00
  -8.2223385e-01
  -1.2237555e+00
   4.1666626e-02
   1.2544620e+00
   1.1247350e+00
   9.2808821e-01
   4.1637103e-02
  -5.5981623e-01
  -6.8802687e-01
  -1.0750410e+00
  -1.1982874e+00
  -6.4042991e-01
  -1.2826369e-02
  -1.3573143e-01
  -7.3571117e-01
  -7.2171712e-01
  -3.9619230e-01
  -2.7857589e-01
   2.9077023e-01
  -3.8405393e-01
  -6.8936568e-01
  -9.4761837e-01
  -5.8005274e-01
  -1.1192296e+00
   7.4709028e-01
   2.0975728e+00
   1.1518823e+00
  -5.8495773e-01
  -1.5817167e+00
  -1.1676540e+00
  -7.6189200e-01
  -7.1670494e-01
  -8.5640157e-01
   1.8331379e-01
   1.7067194e+00
   4.6774236e-01
   3.1629087e-01
   5.3619373e-01
  -3.0411277e-01
  -9.8119501e-01
  -1.4600089e+00
  -4.1070555e-01
  -4.3168264e-01
   7.7915283e-02
   4.9599608e-02
  -5.7851157e-01
  -5.9237014e-01
  -7.2749101e-01
  -6.3435085e-01
  -3.0042930e-01
  -8.1085419e-01
  -7.1743993e-01
  -7.9160211e-01
  -4.8039373e-01
  -6.1224228e-01
   1.4758464e+00
   2.7483212e+00
   5.1872326e-01
  -8.7492157e-01
  -8.7368325e-01
  -1.3078751e+00
  -7.9307280e-01
  -7.0149751e-01
  -1.0021526e-03
   2.2356368e-01
   1.9852941e+00
   1.4053183e+00
   9.1028033e-01
   5.2664124e-01
  -3.2738610e-01
  -7.0918692e-01
  -1.7124828e+00
  -4.9096052e-01
  -2.7138555e-01
  -2.7403325e-01
  -3.0741997e-01
  -2.0563191e-01
  -2.5109895e-01
  -6.3435876e-01
  -6.1938624e-01
  -5.4167857e-01
  -7.6084023e-01
  -8.7676510e-01
  -1.0401275e+00
  -1.2806951e+00
  -1.3211151e+00
  -5.0928213e-02
  -6.9042021e-01
  -6.3042611e-01
  -1.6853752e+00
  -1.2259927e+00
  -1.0176129e+00
  -4.7420303e-01
  -6.8875264e-01
   1.2335328e-01
   1.2360179e+00
   1.5264954e+00
   1.4695805e+00
   5.9323472e-01
   4.2712620e-01
  -3.6775440e-01
  -1.1910983e+00
  -1.7777443e+00
  -3.8475225e-01
   5.3193165e-02
   3.6095191e-01
   3.4071819e-02
  -4.2726588e-01
  -3.7882337e-01
  -7.2545705e-01
  -7.8111493e-01
  -8.1012978e-01
  -1.1736923e+00
  -9.4089535e-01
  -7.7613197e-01
  -7.1749836e-01
  -8.5772195e-01
   2.1317698e+00
   1.8013101e+00
  -4.3156562e-01
  -9.5083334e-01
  -7.1243120e-01
  -1.5737617e+00
  -5.0649131e-01
  -5.8342357e-01
   4.5126621e-01
   2.0871588e+00
   1.4226015e+00
   1.1532261e+00
   3.8048706e-01
   5.7086606e-01
  -2.4354629e-01
  -1.3337986e+00
  -8.7934648e-01
   2.7151309e-01
   2.3473697e-01
  -4.1293235e-01
  -6.1198515e-01
  -7.9478511e-01
  -6.0675189e-01
  -7.0415239e-01
  -6.7586076e-01
  -1.0166524e+00
  -4.9537343e-01
  -3.8849084e-01
  -1.1431686e+00
  -7.5669102e-01
   8.9154568e-01
   3.5572964e+00
   1.8167507e+00
   5.4216860e-01
  -9.3068998e-01
  -1.1110556e+00
  -7.0434176e-01
  -3.1267013e-01
  -1.0575925e+00
   4.4022650e-01
   1.8335077e+00
   7.9688909e-01
   1.4086875e+00
   1.7174270e-01
  -3.3408815e-01
  -5.9110266e-01
  -1.8820061e+00
  -5.3289657e-01
  -7.6424948e-02
   4.1075603e-01
   1.7469831e-01
   4.0969208e-01
  -1.9557807e-01
  -4.1677831e-01
  -7.8684106e-01
  -7.1859946e-01
  -5.8626832e-01
  -1.0423650e+00
  -6.5069673e-01
  -1.4379360e+00
  -1.0545553e+00
  -1.9317367e-01
  -1.8812024e-01
  -1.2544571e+00
  -1.7193319e+00
  -1.4462210e+00
  -1.5145843e+00
  -1.8402058e+00
  -1.9674956e+00
  -1.4807454e+00
  -3.0843149e-01
   9.9538302e-01
   8.5606467e-01
  -7.4680085e-03
  -2.6460766e-01
  -3.4289389e-01
  -1.2826859e+00
  -1.0224901e+00
   1.6548016e-01
   2.1752418e-02
  -8.3088780e-02
  -4.2732149e-02
  -4.0432673e-01
  -4.2085724e-03
  -6.4122618e-01
  -5.2693362e-01
  -7.6385106e-01
  -7.8987206e-01
  -6.0023144e-01
  -1.4647853e+00
  -7.3218434e-01
  -1.0228557e+00
   2.7332547e-01
   6.8315386e-03
  -5.5476801e-01
  -1.0906380e+00
  -1.7442436e+00
  -1.4131435e+00
  -9.8551082e-01
  -1.6356794e+00
  -1.3510716e+00
   4.8302312e-01
   1.3042006e+00
   7.3297622e-01
   1.4724297e-01
   2.0275188e-01
  -5.4912680e-01
  -1.5488148e+00
  -1.2871949e+00
  -7.0609927e-01
  -3.8552333e-01
  -3.9447948e-01
  -3.2928200e-02
   7.2067759e-02
  -1.9719157e-01
  -4.9831482e-01
  -4.7438445e-01
  -7.1317498e-01
  -7.5016725e-01
  -1.0311433e+00
  -9.3616914e-01
  -1.3437204e+00
  -6.5931897e-01
   2.9505454e+00
   1.7450869e+00
   1.4300255e-01
  -6.9839257e-01
  -5.7068086e-01
  -1.1822197e+00
  -6.9076888e-01
  -6.4775768e-01
   1.0358956e+00
   1.7964928e+00
   1.8750979e+00
   1.1088844e+00
   4.6420515e-01
   4.8047936e-01
  -6.3080413e-01
  -1.2741289e+00
  -1.0795650e+00
   2.6063119e-01
  -1.2371720e-01
  -3.4909267e-01
  -1.3984509e+00
  -2.5625909e-01
  -9.4865783e-01
  -9.3363421e-01
  -4.4059171e-01
  -4.9656908e-01
  -7.2503990e-01
  -2.2022785e-01
  -7.3220393e-01
  -8.8138898e-01
  -4.2147127e-01
   2.4084328e-03
  -7.5806895e-01
  -1.3185533e+00
  -1.6888082e+00
  -1.0833255e+00
  -1.0747920e+00
  -1.9355783e+00
  -1.8260047e+00
  -7.4108208e-01
   2.4246496e-01
   1.1865545e+00
   4.2671595e-01
   3.0223913e-01
   5.6263661e-01
  -3.3182893e-01
  -9.3282401e-01
  -1.2122828e+00
  -2.9710456e-01
   1.0659229e-01
  -1.0139828e-01
  -2.3947041e-01
  -3.6907719e-01
  -1.0611943e+00
  -1.3218456e+00
  -1.0535594e+00
  -1.4134589e+00
  -1.1964086e+00
  -1.5717880e+00
  -1.6239986e+00
  -1.7284404e+00
  -1.8319243e+00
   2.2282044e+00
   1.6215517e+00
  -3.7299099e-01
  -1.1767726e+00
  -8.7191774e-01
  -1.2479896e+00
  -1.4240987e+00
  -9.0579914e-01
  -3.5013143e-01
   1.1624460e+00
   9.4411175e-01
   9.4627852e-01
   9.1904735e-01
  -8.8393747e-02
  -9.2008259e-01
  -1.3959025e+00
  -2.8710143e-01
   1.6362192e-01
   4.4114257e-02
  -3.1909402e-02
   2.3879393e-01
  -1.8151778e-01
  -8.8590172e-01
  -2.8371332e-01
  -4.9788356e-01
  -2.3383580e-01
  -9.4763732e-01
  -9.9618808e-01
  -3.2376595e-01
  -6.4573444e-01
   9.1627639e-01
   1.7948831e+00
   1.0435529e+00
  -3.7506997e-01
  -1.5312454e-01
  -1.0050317e+00
  -7.8568481e-01
  -7.0775054e-01
  -7.5831016e-01
  -7.9800971e-01
   9.1269921e-01
   8.8096476e-01
   3.3658109e-01
  -1.3604030e-01
  -2.7230358e-01
  -6.3762694e-01
  -1.6341240e+00
  -1.1295575e+00
  -2.2170466e-01
  -7.9295342e-02
   3.5604167e-01
  -2.4673494e-01
  -4.5760161e-01
  -5.7488614e-01
  -3.6085256e-01
  -8.5296752e-01
  -1.4670132e+00
  -7.8684571e-01
  -1.0499903e+00
  -6.7844203e-01
  -5.3924141e-01
   1.2217083e+00
   3.1927785e+00
   1.6760310e+00
  -8.0433508e-02
  -4.2704543e-01
  -1.0350237e+00
  -1.2336881e+00
  -9.1867941e-01
  -1.1605754e-01
   1.2926518e+00
   1.7562793e+00
   8.9572801e-01
  -1.3532145e-01
   2.8418708e-01
  -6.7583377e-01
  -1.4617410e+00
  -1.7617750e+00
  -2.9186870e-01
  -3.5440115e-01
  -1.3178814e-01
  -4.5782444e-01
  -5.6454051e-01
  -7.6266003e-01
  -6.9961492e-01
  -1.4686849e+00
  -1.2527290e+00
  -1.3575960e+00
  -2.5273395e-01
  -6.7953733e-01
  -9.2435132e-01
  -2.9739574e-01
   9.2842230e-01
   2.4145504e+00
   1.1463248e+00
  -1.7230955e-01
  -7.6047290e-01
  -6.5126534e-01
  -1.1982408e+00
  -1.0842125e+00
  -7.0271900e-01
  -4.0405499e-01
   1.0700745e+00
   1.3016186e+00
   6.8404989e-01
   1.8816921e-01
  -1.1380571e-01
  -7.0075491e-01
  -1.3968115e+00
  -5.6819468e-01
  -6.7496173e-01
   1.2937121e+00
   1.2209736e+00
   1.3589141e+00
   5.6517398e-01
   8.8532415e-01
   9.5779141e-01
   4.3545556e-01
  -1.6759084e+00
  -1.2240874e+00
  -1.1637526e+00
  -1.0834671e+00
  -6.4689303e-01
  -1.3464643e-01
  -3.6605519e-01
   9.6008784e-01
   9.9513001e-01
   9.2807582e-01
   5.2722405e-01
   4.5073854e-01
   4.2830262e-01
  -1.1337354e-01
   1.0077783e+00
   5.0718716e-01
   2.0161757e-01
   1.0623757e+00
   5.1762676e-01
  -9.0783810e-01
  -7.6683723e-01
  -1.2750911e+00
  -1.9721230e+00
  -2.0526323e+00
  -5.5209499e-01
  -1.6287269e-01
   3.9379139e-01
   1.4631999e-01
   1.5649999e+00
   3.8216461e-01
   7.0026830e-01
   3.7659739e-01
   2.6527056e-01
   2.8716538e-01
   8.1650964e-01
   5.3273375e-01
   5.0125419e-01
   7.9455726e-01
   5.2082623e-02
  -1.1239238e+00
  -1.3372960e+00
  -8.0922432e-01
  -1.3093841e+00
  -9.3528040e-01
  -1.3656665e+00
  -2.9612074e-01
   5.9496947e-01
   1.6536373e+00
   6.4225173e-01
   9.6042433e-01
   3.8548925e-01
   4.1699313e-01
  -3.4810881e-01
   9.7358344e-01
   8.3904029e-01
   2.1503264e-01
   3.6227633e-01
   1.1096586e+00
  -7.7875479e-01
  -5.3878429e-01
  -1.1556081e+00
  -1.2728308e+00
  -8.4682866e-01
  -1.7549232e+00
  -8.3258216e-01
  -1.7064812e-01
   4.6177041e-01
   1.3669557e+00
   6.0368326e-01
   8.0149106e-01
   6.0082682e-01
   1.5522728e+00
   7.8979351e-01
   5.6646374e-01
  -3.5276450e-01
  -1.1963421e-01
   8.6806420e-01
  -9.5166907e-01
  -1.4347966e+00
  -1.5902407e+00
  -1.2797482e+00
  -9.4053913e-01
  -6.0354898e-01
  -1.0257427e+00
  -1.1354859e+00
   4.4303598e-01
   1.8250400e+00
   2.6674008e-01
   2.6660624e-01
   6.6606099e-01
   5.4905253e-01
   3.7983634e-01
   9.6922292e-01
   1.7045118e-01
   5.1658345e-01
   1.3252467e+00
   1.0677237e+00
  -8.2181864e-01
  -1.6792324e+00
  -1.2142560e+00
  -1.2171422e+00
  -8.2590243e-01
  -1.6350505e+00
  -4.6198111e-01
   4.7153366e-01
   1.7604394e-01
   1.6062948e+00
   1.2309472e+00
   5.7014807e-01
   1.5865076e-01
  -4.5068685e-01
   4.0614470e-01
   8.0161039e-02
   1.6513912e+00
   7.5133834e-01
   5.1303799e-01
  -1.6903216e+00
  -1.5801121e+00
  -2.1087155e+00
  -7.3066034e-01
  -5.5353477e-01
  -8.8114495e-01
  -6.6655387e-01
   5.7977828e-01
   2.6567314e-01
   1.6836484e+00
   8.0572525e-01
   3.1982353e-01
   3.8175153e-01
   4.7064906e-01
   1.2419536e+00
   1.1516258e+00
   9.7386540e-01
   2.4112132e-01
   2.0777675e-01
  -1.3033746e-01
  -1.2434247e+00
  -1.0791177e+00
  -1.4852608e+00
  -2.2633309e+00
  -6.5733429e-01
  -7.7954002e-01
  -4.8458855e-01
  -1.0096505e-01
   1.4718694e+00
   1.2939704e+00
   6.7768406e-01
   8.6470659e-02
   1.7782143e-01
   9.8015883e-01
   8.1795418e-01
   2.6687079e-01
   5.5203686e-01
   1.4343494e-01
   4.0819085e-02
  -1.7923543e+00
  -1.0011975e+00
  -1.2896883e+00
  -1.1073948e+00
  -1.0670009e+00
  -2.4050924e-01
  -6.2588741e-01
   2.7301494e-01
   6.4095309e-01
   8.8193586e-01
   1.1065700e+00
   5.9892337e-01
   9.6932673e-01
  -1.2851552e-01
   1.0726249e+00
   1.1081585e+00
   8.5315471e-01
  -9.1847447e-02
   9.4863414e-01
  -1.3116121e+00
  -2.1235794e+00
  -1.4672949e+00
  -1.2669387e+00
  -1.0819630e+00
  -1.1478521e-01
  -1.8853750e-01
  -1.0265995e-01
   7.0481335e-01
   1.7846262e+00
   7.0472724e-01
   9.7446511e-01
   1.1132436e+00
   6.9347154e-01
  -5.7323502e-02
   8.1932457e-02
  -2.9556564e-01
   3.5507581e-01
   6.6420326e-01
  -1.0502541e+00
  -1.1478140e+00
  -1.5921174e+00
  -1.4662476e+00
  -1.4137549e+00
  -1.6949052e+00
  -4.5434448e-01
   1.8049841e-01
  -2.0468180e-01
   8.2456877e-01
   1.3855072e+00
   7.5465138e-01
   4.1059017e-01
   6.8966053e-02
   7.5153798e-01
   6.0247552e-01
   4.8484789e-01
   4.2512674e-01
   8.6032373e-01
  -1.3163297e-01
  -1.5422550e+00
  -1.3265288e+00
  -1.0612261e+00
  -9.7165933e-01
  -1.1484639e+00
  -4.5568600e-01
  -4.8754782e-02
   2.9998339e-01
   1.9148518e+00
   2.1579839e-01
   3.5287063e-01
   6.2103392e-01
   2.2211761e-01
   1.5034775e-01
   8.8540091e-01
   5.8603548e-01
   8.8275690e-01
   5.7721934e-01
   1.0489984e-01
  -1.7108730e+00
  -1.2216067e+00
  -7.5033531e-01
  -1.0771466e+00
  -1.1671367e+00
  -8.6972550e-01
  -2.7591353e-01
   5.2058799e-01
   1.2227156e+00
   1.4352843e+00
   2.8734841e-01
   5.6231777e-01
   2.6744094e-01
   1.0811473e+00
   1.0767219e+00
   7.0570435e-01
   9.2286785e-01
   4.4451697e-01
   2.5525393e-01
  -1.6715543e+00
  -2.0569874e+00
  -9.2433579e-01
  -1.4896912e+00
  -1.1065096e+00
  -9.8542850e-01
  -7.6033910e-02
  -2.4793451e-01
   3.5809074e-01
   1.7556725e+00
   1.5287868e+00
   5.1358241e-01
   1.3505569e-01
   1.1226532e+00
   8.5408682e-01
   1.4361532e+00
   6.6325418e-01
   9.0530362e-01
  -5.9306600e-01
  -1.4766573e+00
  -1.6618031e+00
  -1.3085114e+00
  -1.4920429e+00
  -1.0484043e+00
  -1.1874318e+00
  -3.8904951e-01
   1.8301903e-01
   9.6257420e-01
   1.2922842e+00
  -3.2746536e-02
   4.5619559e-01
   5.3718864e-01
  -2.6753821e-02
   1.0286928e+00
   4.8980309e-01
   1.0148673e+00
   1.0340869e+00
   1.5143588e+00
  -1.2381076e+00
  -9.3806526e-01
  -1.1775910e+00
  -6.0153254e-01
  -1.3164395e+00
  -1.6740355e+00
  -1.4573139e+00
   4.5925566e-02
   6.8273494e-01
   1.0721557e+00
  -2.5907278e-01
  -4.1619936e-02
   1.4780320e-01
   2.0007348e-01
   9.7844512e-01
   4.5824368e-01
  -8.5750984e-02
   1.1071429e+00
   1.1229156e+00
  -1.5129518e+00
  -2.2688163e+00
  -8.5278743e-01
  -1.5329827e+00
  -1.4243291e+00
  -7.5861137e-01
  -1.2120505e-01
  -2.5070689e-01
  -2.8648236e-01
   1.6231823e+00
   9.6809648e-01
   6.3046501e-01
   1.3208625e+00
   6.2045516e-01
   3.4598597e-01
   4.1295668e-01
   1.3076580e+00
   8.1029833e-01
   1.0043801e+00
   6.1446026e-01
  -4.8740189e-01
  -9.4726918e-01
  -1.6304982e+00
  -1.9191858e+00
  -1.4036778e+00
  -4.3199743e-01
  -8.6102455e-01
   9.5275932e-01
   5.4847194e-01
  -3.2498159e-01
   1.2715253e+00
   7.7520388e-01
   6.3333947e-01
   3.1671561e-01
   4.8429044e-01
   1.4504690e+00
   1.3713348e+00
   7.3241361e-01
   6.5059538e-01
  -8.3714402e-01
  -2.2706283e+00
  -9.6197335e-01
  -1.3805021e+00
  -1.2374065e+00
  -3.1078170e-01
  -4.9548285e-01
  -1.4857546e-01
   5.0216717e-01
   1.9009563e+00
   6.6210165e-01
   4.4651567e-01
   8.0131079e-01
   3.2049686e-01
   9.8586331e-02
   9.7666021e-01
   7.1720964e-01
   2.1652160e-01
   9.5017296e-01
   1.9504308e-02
  -1.9252257e+00
  -1.2773903e+00
  -7.9978054e-01
  -6.3261988e-01
  -1.0955100e+00
  -1.2845335e+00
   6.3074950e-02
   5.5056943e-01
   1.4024502e+00
   1.7429883e-01
   6.8368194e-01
   1.1058190e+00
   2.5966287e-01
   3.9537374e-01
   1.0291042e+00
   1.1409496e-01
   1.1273997e+00
  -5.9443739e-02
  -4.1742057e-02
  -2.0052109e+00
  -1.2710500e+00
  -1.7985899e+00
  -1.5377174e+00
  -9.9470299e-01
  -9.1556526e-01
  -6.9790373e-01
  -1.1299565e-01
   1.9394445e+00
   1.0045045e+00
   6.5314610e-01
   1.4691738e+00
   1.0787994e+00
   5.7418154e-01
   6.7931239e-01
   4.5670783e-01
   2.9236854e-01
   1.3942827e+00
   1.7520278e-01
  -1.2243823e+00
  -6.8865717e-01
  -9.5081468e-01
  -1.7846751e+00
  -5.8422323e-01
  -2.6350853e-01
  -4.4022364e-01
   2.9289484e-01
   1.8482119e+00
   1.6149989e+00
   3.4356329e-01
   1.8209245e+00
   8.7468988e-01
   3.1030318e-01
   5.9300560e-01
   1.5828266e+00
   1.1882748e+00
   1.3653839e+00
   9.4901113e-01
  -7.1305541e-01
  -1.5702370e+00
  -1.3686221e+00
  -1.2721713e+00
  -7.1239376e-01
  -1.2282055e+00
  -8.7240495e-01
   1.6093096e-01
   1.6049597e-01
   1.3468242e+00
   1.4151166e+00
   5.0667575e-02
   1.2331505e-01
   1.1558734e+00
   6.9223408e-01
   1.1194682e+00
   4.0467342e-01
   7.2619879e-01
   6.2793821e-01
  -9.0296891e-02
  -1.4405755e+00
  -1.5220470e+00
  -1.7884461e+00
  -1.5306689e+00
  -5.1556892e-01
   1.2258440e-01
   2.6281129e-01
   1.2843350e+00
   1.9377232e+00
   6.2222364e-01
   2.2871728e-01
   5.5331134e-01
   1.5192374e+00
   5.9482611e-01
   7.1312187e-01
   5.5424128e-01
   1.3764316e+00
   5.6071288e-01
   3.6630978e-01
  -1.7151621e+00
  -1.3287730e+00
  -1.2142093e+00
  -1.6545706e+00
  -1.0424414e+00
  -5.2897175e-01
  -2.4402674e-01
  -1.8931042e-01
   4.9035426e-01
   1.3306790e+00
   5.5544986e-01
   1.1450797e+00
   7.2099999e-01
   1.8154771e-01
   3.5574021e-01
   7.8356370e-01
   5.8107732e-01
   4.2197357e-01
   1.0601584e+00
  -1.9524305e-01
  -1.5569633e+00
  -1.0513494e+00
  -9.5006520e-01
  -4.5022884e-01
  -8.4082232e-01
  -2.7255231e-01
   7.2051081e-01
   9.6474388e-01
   1.9930084e+00
   7.7861934e-01
   9.4354577e-01
   6.9216070e-01
  -3.0197899e-02
   4.5266147e-01
   2.5821503e-02
   3.4090002e-01
   4.7243834e-01
   1.2765118e+00
   9.6608733e-01
   1.7193162e-01
  -1.0325142e+00
  -1.6898262e+00
  -1.1268234e+00
  -8.7920008e-01
  -7.1160138e-01
   5.9420994e-01
   8.3897285e-01
   1.3492419e+00
   2.7470931e-01
   1.1602167e+00
   1.2937250e+00
  -8.0824636e-02
  -5.5710297e-03
   4.8741261e-01
   2.3312891e-02
   2.7519922e-01
   9.9496716e-01
   9.7056044e-02
  -1.1017178e+00
  -1.6773135e+00
  -7.9073912e-01
  -2.6083246e-01
  -6.4235017e-01
  -1.1087291e+00
   2.4431496e-01
   9.8510505e-01
   1.6848133e+00
   1.4377099e+00
   7.0436419e-01
   8.2246499e-01
   3.0734341e-02
   7.2991379e-01
   7.4695181e-01
   4.3481710e-01
   1.1020795e+00
   6.8401216e-01
   2.4920684e-01
  -9.3142287e-01
  -1.2394425e+00
  -1.5758707e+00
  -1.3605864e+00
  -1.3137581e+00
   5.5936330e-02
   1.3271040e-01
   7.1039247e-01
   1.3089356e+00
   1.0885959e+00
   9.2661432e-01
   1.0218757e+00
   5.9075168e-01
   6.6169140e-01
   4.0860720e-01
   1.0308236e+00
   3.6880612e-01
  -6.6311498e-01
   7.2486514e-01
  -3.3987252e-01
  -5.4023500e-01
  -6.9217321e-01
  -5.3310434e-01
  -6.9592640e-01
  -1.1678200e+00
  -2.2709320e-02
   5.0843932e-01
   1.3238906e+00
   7.8668659e-01
   9.8831532e-01
   3.0878042e-01
   8.8708243e-01
   2.4628612e-01
   7.1873689e-01
   2.9966468e-01
  -2.2826923e-01
  -2.0746861e-01
   5.7815939e-01
  -1.2856364e+00
  -7.8986350e-01
  -1.0715838e+00
  -1.3205774e+00
  -1.1274240e+00
  -7.4698123e-01
  -4.1218749e-01
   8.8572874e-01
   9.2906829e-01
   2.2663859e+00
   5.7494054e-01
  -9.4779107e-02
   7.0518324e-01
   2.1792379e-01
   8.7548531e-02
   6.9583512e-01
   7.5951876e-01
   4.2687162e-01
   9.3236725e-01
  -4.3291800e-01
  -1.6015403e+00
  -1.7078927e+00
  -1.5587673e+00
  -1.5514815e+00
  -7.4922314e-01
  -6.7073263e-01
   4.5643661e-01
   3.1207171e-01
   1.9929263e+00
   7.7460580e-01
   5.7156143e-01
   8.5338416e-01
   6.5185216e-01
   9.8218159e-01
  -1.5859511e-01
   6.1702410e-02
   1.1186037e+00
   3.8696177e-01
   9.7782798e-02
  -1.5809787e+00
  -1.0726340e+00
  -1.5055355e+00
  -1.2872147e+00
  -6.2289056e-01
  -4.9620672e-01
  -1.2406280e-01
   1.1750344e-01
   1.9045521e+00
   2.2557752e+00
   3.8375679e-01
   7.8435818e-01
   1.3395713e+00
   1.1488687e+00
   6.9238021e-01
   1.4801631e+00
   7.0881531e-01
   5.1057212e-01
   4.1214586e-01
  -5.4993847e-01
  -1.7572351e+00
  -1.6344941e+00
  -1.1154790e+00
  -1.1905400e+00
  -9.8143547e-01
  -4.3138833e-01
   1.0806716e+00
   6.1687513e-01
   1.7377562e+00
   9.2029221e-02
   6.1408319e-01
   3.4752113e-01
   1.1507656e+00
  -7.9133011e-02
   9.6758762e-01
   9.0816492e-01
   1.1335862e+00
   1.7310681e+00
  -4.2902646e-02
  -6.8034690e-01
  -1.6943180e+00
  -1.7346146e+00
  -1.4117273e+00
  -1.5217758e+00
  -1.0345585e+00
  -3.8563863e-01
   1.1036505e+00
   1.2954592e+00
   1.4064794e+00
   1.9178630e-03
   6.8813531e-01
   8.5131358e-01
   1.2931662e+00
   2.1108105e-01
   9.6598216e-01
   1.1797673e+00
   1.2261139e-01
   4.6088935e-01
  -1.7866788e+00
  -1.6620165e+00
  -1.7810855e+00
  -1.1693866e+00
  -1.1982320e+00
  -1.2027371e+00
   5.7261304e-01
   3.5308420e-01
   1.7948335e+00
   1.0948030e+00
   8.0670690e-01
   3.1145728e-01
   8.7552436e-03
   5.6518319e-03
   6.6150763e-01
   5.9000734e-01
   3.2010560e-01
   2.7793789e-01
   4.3881272e-01
  -1.4180221e+00
  -1.4698369e+00
  -2.0150072e+00
  -1.6840065e+00
  -5.9054012e-01
  -5.6497211e-01
  -4.0293165e-01
  -1.4183148e-01
   1.1631184e+00
   1.5794636e+00
   8.7787902e-01
   7.5011084e-01
   1.2263376e-02
   7.9476135e-01
   5.8378492e-01
   8.1059743e-01
   4.7869080e-01
   3.1696462e-01
   8.3971908e-01
  -9.5118822e-01
  -6.3945787e-01
  -2.0396805e+00
  -1.1707270e+00
  -3.5932716e-01
  -4.4823009e-01
  -3.6050957e-02
   3.8134676e-01
   1.9912990e+00
   1.5755546e+00
   5.8498971e-01
   1.1975086e+00
   1.5224519e+00
   8.7249136e-01
   1.2588606e+00
   8.8031355e-01
  -4.2643852e-01
  -1.3225912e-01
   5.1383136e-01
  -8.6324756e-01
  -1.2492790e+00
  -1.5520494e+00
  -1.2333456e+00
  -8.9856067e-01
  -7.6942877e-01
   1.2636968e-01
   7.9589708e-01
   9.3677154e-01
   2.0531850e+00
   1.1129782e+00
   1.1658539e+00
   8.2185049e-01
   1.5463158e+00
   3.6928562e-01
   1.2328541e-01
   5.0418744e-01
   3.1167575e-01
   4.7002720e-01
  -1.0492692e+00
  -1.5502569e+00
  -1.2742979e+00
  -1.1108506e+00
  -1.7255812e+00
  -1.7403463e+00
  -5.3654805e-01
   3.7043458e-01
   2.6855983e-01
   1.4162859e+00
   8.8319475e-01
   3.0604012e-01
   1.1487205e+00
   1.1540699e+00
   9.6605414e-01
   5.7238728e-01
   1.2460729e+00
   3.1026114e-01
   8.3505148e-01
  -5.5524233e-02
  -1.0935957e+00
  -1.6472637e+00
  -1.8321017e+00
  -1.0243412e+00
  -5.6244021e-01
   5.1582906e-01
  -1.8878140e-01
   1.0995873e-01
   1.0461093e+00
   1.8408132e+00
   1.2684539e+00
   8.4955369e-01
   7.5867726e-01
   5.0204642e-01
   8.6529842e-01
   1.0054279e+00
   9.8041634e-01
   1.6017596e-01
   4.0149931e-01
  -1.5025260e-01
  -6.2074617e-01
  -1.6912034e+00
  -1.1335226e+00
  -1.4652027e+00
  -1.5952661e+00
  -9.7061584e-01
  -1.4192857e-01
   5.7122708e-01
   1.2054871e+00
   6.4693408e-01
   6.1748264e-01
   2.4206949e-02
   3.3331673e-01
   3.5657709e-01
   5.0581011e-01
   8.2294108e-01
   3.7997762e-01
  -9.2434570e-02
  -5.8079024e-01
  -1.6830170e+00
  -1.6246482e+00
  -1.0811166e+00
  -4.4027813e-01
   7.0676159e-02
  -1.1082317e+00
  -1.2383215e+00
  -8.2851762e-02
  -2.1162057e-02
   4.8977191e-01
   3.9851451e-01
   9.0376632e-01
   8.6573486e-01
   4.4940329e-01
   9.9541194e-01
   4.6975403e-01
   1.1742626e+00
   2.1968821e-01
   9.7353824e-02
  -6.4041523e-01
  -1.0923468e+00
  -1.5190174e+00
  -1.9860425e+00
  -1.3917425e+00
  -7.1611328e-01
  -7.0978023e-01
   9.5589236e-02
   7.7584414e-01
   7.7112979e-01
   9.5346497e-01
   6.2906993e-01
   1.1198278e+00
   7.3823778e-01
   8.4936951e-02
   4.4694244e-01
   3.3532916e-01
   8.0736316e-01
   7.7891352e-01
  -5.4466657e-01
  -1.3047673e+00
  -1.5095836e+00
  -1.1393109e+00
  -1.2375060e+00
  -3.1126517e-01
  -6.7836172e-01
   7.4989383e-01
   8.9651768e-01
   1.8545243e+00
   1.1813405e+00
   1.0967421e+00
   1.2316481e+00
   5.0240294e-01
   6.9804311e-02
   1.3420963e-01
   2.6581137e-01
   1.1632610e+00
   3.8046453e-01
  -3.4236836e-01
  -1.7038094e+00
  -1.3105631e+00
  -3.2957038e-01
  -1.2332011e+00
  -9.2489055e-01
  -3.6302692e-01
  -2.4493195e-02
   1.0188445e+00
   2.0880539e+00
   1.0029157e+00
   6.7513888e-01
   6.8668833e-01
   8.6822419e-02
   6.7515744e-01
   4.5029722e-01
   5.5848187e-01
   1.4567419e+00
   3.4627314e-01
  -5.1590179e-01
  -1.2823134e+00
  -9.6171288e-01
  -1.5808967e+00
  -1.5680227e+00
  -1.1932288e-01
  -3.7335572e-01
  -4.3435659e-01
  -1.3902390e+00
  -3.3149714e-01
   6.8030274e-01
  -2.7942109e-01
   5.6484846e-01
   2.4613512e-01
   2.8536692e-01
   6.7501582e-01
   1.1635685e+00
   5.7626901e-01
   9.8422374e-01
   1.2348886e-01
  -8.7054257e-01
  -1.4713971e+00
  -1.2598577e+00
  -4.6822576e-01
  -1.6753751e+00
  -1.1310859e+00
  -7.6363487e-01
  -6.3092188e-01
   8.9919685e-01
   1.1411464e+00
   7.1934421e-01
  -4.6963930e-02
   8.0652955e-01
   9.6515394e-01
   4.9870779e-01
  -2.3644940e-01
  -1.7878888e-01
   4.7670512e-01
   9.1065287e-01
  -7.4671865e-01
  -1.5001973e+00
  -9.8273358e-01
  -1.3208631e+00
  -1.9237232e+00
  -1.3751114e+00
   3.2612959e-01
   1.4696922e-01
   4.2842419e-01
   1.0768945e+00
   1.7917896e+00
   1.6003122e-01
  -9.1134531e-01
   2.0167214e-01
   6.5156717e-01
   9.3692676e-01
   1.3417146e+00
  -2.0584539e-01
   6.4110972e-01
  -1.4065029e+00
  -1.5470202e+00
  -1.8369713e+00
  -1.1853240e+00
  -1.1829422e+00
  -1.3619021e+00
  -6.5584146e-01
  -9.3907817e-01
  -1.2958261e+00
  -8.6618647e-01
   1.2750352e+00
   1.0456622e+00
   7.6911040e-01
   6.4869792e-01
  -1.0761350e+00
  -1.6494261e+00
  -1.1163590e+00
  -4.3898156e-01
  -1.1081062e-01
  -2.7670104e-01
  -1.0214877e+00
  -1.8101912e+00
  -2.7441528e+00
  -3.0473968e+00
  -1.7274079e+00
  -1.7093365e+00
  -1.3086438e+00
  -4.1271188e-01
   5.3425412e-01
  -4.6426402e-01
  -9.5340690e-01
  -6.6016643e-01
  -1.1101820e-01
  -9.0689026e-01
   7.4810098e-01
  -4.2108467e-01
  -1.6737618e+00
  -2.2096354e+00
   2.7861979e-01
   9.7226325e-03
  -1.6294300e+00
  -1.6540819e+00
  -1.5466686e+00
  -3.2877529e+00
  -2.0721627e+00
  -8.9154652e-01
  -1.4616685e+00
  -9.7933926e-02
   1.5455458e+00
